1.1252319682603347
-0.12437827449718497
-1.1112198142097587
1.2406234163140808
0.5930058013661873
0.048877398565205954
-0.41805274308123236
-0.8258294812866838
-1.1871334676824528
-1.5111083251233237
1.3370734922078364
1.0691087201336398
0.8226267991755452
0.5945141067738533
0.38227646402506493
0.18389025309362536
-0.002306693925689855
-0.1777009615390764
-0.34345464021697153
-0.5005522246406287
-0.6498355602095433
-0.79203127343029
-0.9277683159515568
-1.0575967029332871
-1.181998244390209
-1.301399494135935
-1.4161762557749578
-1.5266670678591954
1.508421251693693
1.4056316450429576
1.306315493587335
1.2102513627857199
1.1172363872408915
1.027092672585415
0.9396516277552276
0.8547614661078188
0.7722831998101694
0.692086460373479
0.6140561244852093
0.5380794877067436
0.46405706189007023
0.39189403221458485
0.321504022355268
0.252804344308814
0.1857211992157992
0.12018267598541173
0.05612322427472561
-0.006519537385535534
-0.06780540573280225
-0.12778620572730884
-0.18651403423490584
-0.24403909188135323
-0.3004041407537053
-0.3556551961693965
-0.40983095108972506
-0.4629701606051213
-0.5151100108517008
-0.5662841860780063
-0.6165255656165424
-0.6658657386500706
-0.7143331785580855
-0.7619585417371142
-0.8087651285509636
-0.8547814992947299
-0.9000288912848081
-0.9445343152987586
-0.9883160846584761
-1.0313990110599607
-1.0738007631891768
-1.1155407354161402
-1.1566387193714156
-1.197111591971648
-1.2369773361475642
-1.2762523575946167
-1.314951073386339
-1.353088453894506
-1.390680875214502
-1.4277408631350916
-1.4642811739138664
-1.5003166276452706
-1.5358582934262792
1.57067384495736
1.536084767110626
1.5019529621270236
1.4682704562989561
1.435024492585491
1.4022077595823457
1.3698085926388186
1.3378186967656682
1.3062280490717857
1.2750285180648444
1.2442121809862565
1.2137702340078502
1.1836955738560786
1.1539798183745889
1.1246145132036764
1.0955950277708526
1.0669124106335945
1.0385610225354727
1.0105339149398087
0.9828241006077977
0.9554256674182482
0.9283339998907499
0.9015419175851749
0.8750435035886879
0.8488342169930932
0.8229075544509763
0.7972602037139893
0.7718864034565773
0.74677937617113
0.7219369587661021
0.6973523034278614
0.6730233698704217
0.6489441820109296
0.6251094236759883
0.6015165326594789
0.5781605073492848
0.5550382810411197
0.5321461395524729
0.5094792335548034
0.4870342120015835
0.4648078184847332
0.4427960966860603
0.4209957604685063
0.399403298592309
0.37801649635635026
0.3568307028151052
0.33584424790983225
0.31505274455236115
0.2944535844197274
0.27404472674099917
0.2538226006640745
0.23378419878604825
0.21392701675854528
0.19424788097383833
0.17474605212664954
0.15541649120343978
0.13625834328979117
0.1172694927977615
0.09844636662504547
0.07978677999067844
0.0612887997197636
0.04295093966932353
0.024769176372957794
0.006742604006637832
-0.011129507301550077
-0.028852808697925714
-0.04642630721019172
-0.06385344116912828
-0.081136479028058
-0.09827432365356273
-0.11527265705209075
-0.1321311797840213
-0.14885167004156696
-0.16543739339934763
-0.18188849388859368
-0.19820732847124936
-0.21439598554596195
-0.2304551233229999
-0.2463868230665276
-0.2621929601591168
-0.27787429784392725
-0.2934338995707414
-0.30887106972156314
-0.3241885583243692
-0.3393878065160582
-0.35447086324043015
-0.36943698780985407
-0.38428984587335024
-0.3990289016031244
-0.4136570203665179
-0.42817506204087846
-0.44258344446532644
-0.4568847679040398
-0.4710781202858137
-0.4851673321365614
-0.49915160868529235
-0.513033239363587
-0.5268132370417709
-0.5404935556212547
-0.5540720859081737
-0.5675536703784196
-0.5809373067288426
-0.5942236357780081
-0.6074162115556941
-0.6205145086362415
-0.6335175271750472
-0.6464297974364951
-0.6592513459688265
-0.6719806670128602
-0.6846221367909366
-0.6971743054626471
-0.7096393040446173
-0.7220180020187758
-0.7343097917620883
-0.7465175664540085
-0.7586411276303889
-0.7706815394368512
-0.782639570660807
-0.7945159224592548
-0.8063121181989805
-0.8180276825536622
-0.8296642301333019
-0.8412227281999168
-0.8527041240357878
-0.8641084659850934
-0.8754373571020063
-0.88668957450436
-0.8978685923024047
-0.9089733637629595
-0.920004627821144
-0.930963878185686
-0.941851421073126
-0.95266703421967
-0.963412601585016
-0.974088822853583
-0.984696230342927
-0.995234627092235
-1.005705448572294
-1.016108595858529
-1.026445568600238
-1.036716518670689
-1.046921766978584
-1.057063231181751
-1.067139556483863
-1.0771530769962918
-1.0871028338747392
-1.0969901616055126
-1.1068160535932361
-1.116580252964767
-1.1262834352747816
-1.1359269268347276
-1.1455101412136776
-1.1550340213832604
-1.1645010593949632
-1.1739077412365939
-1.18325752431811
-1.192549788117519
-1.201785178642018
-1.210963913902095
-1.220088591103866
-1.229156942964319
-1.238169735600302
-1.247129161905913
-1.256034672292555
-1.264886284065467
-1.273684655849271
-1.282431290629567
-1.291125903934451
-1.299768600917989
-1.308360496547451
-1.3169005319877941
-1.3253899530153414
-1.3338301307925691
-1.3422204370583953
-1.350561713532865
-1.358853099245526
-1.3670972159985872
-1.3752930908145899
-1.3834416346996838
-1.3915425699696585
-1.3995964815953933
-1.4076037710497556
-1.415565217247446
-1.42348007665542
-1.431351169218936
-1.439174974537024
-1.446956200535727
-1.454691320357583
-1.462383183051985
-1.470031621468548
-1.477636736391757
-1.485198642187037
-1.4927163003862349
-1.5001939362003552
-1.5076273713007781
-1.5150207641226875
-1.5223720892284269
-1.5296830220736408
-1.53695231630960978
-1.5441807462128328
-1.551369390245413
-1.5585180393555277
-1.5656279712115138
1.5688950444573261
1.5618638469009855
1.5548720562727206
1.547919156025976
1.541003176147791
1.534125720149852
1.527285444328667
1.52048265934013
1.51371762323353
1.506987970627409
1.5002957325026635
1.4936403161546106
1.4870202222472751
1.4804355489949647
1.4738868666697597
1.4673737836529216
1.4608951857594453
1.4544513815837068
1.448042100270909
1.4416679626912309
1.435326014915231
1.4290186158070351
1.422746242651193
1.416505605036308
1.410298657655395
1.404125183181328
1.397982647690676
1.391873303363452
1.385796089649771
1.379750714442438
1.373738007550141
1.3677560117357289
1.3618051506939331
1.3558857325128634
1.3499976332841772
1.3441395962180858
1.3383121931320217
1.3325148577374801
1.3267477218718465
1.3210110656508264
1.31530372606942
1.309625330921747
1.303976668744616
1.29835686524132
1.292766070572115
1.287204851477514
1.281670449554972
1.276165740837761
1.270688025463386
1.265239764112464
1.2598176339560419
1.2544240401922609
1.2490573763844318
1.2437180131547539
1.2384060292840773
1.233120593427464
1.2278624876130038
1.2226311195024072
1.217425180081046
1.212246032461234
1.207091214892187
1.201963979488455
1.196861927469653
1.191786053711965
1.186735958694157
1.181709191739558
1.176708943532246
1.171732662616416
1.1667825833733786
1.1618549742054662
1.1569536246899384
1.1520758149352489
1.1472216780029324
1.1423931863392252
1.1375869013311753
1.132804512884896
1.128046455406724
1.123310562585722
1.118599063258329
1.113910070354839
1.109244079397417
1.104600298431939
1.09998045475945
1.095382852914578
1.090807096870871
1.0862545456828019
1.0817223331705555
1.0772139793193898
1.072726963163061
1.0682611714964608
1.0638174617260005
1.059395824107167
1.054993293337893
1.050613592378212
1.046255037642762
1.041917291443778
1.03760114444014
1.033304882086559
1.029029254016608
1.02477395546798
1.020538517266232
1.016324176724768
1.012130056220887
1.007954962751484
1.003800448814482
0.999665757124253
0.995550440216931
0.99145451551916
0.987378464318061
0.983322289871505
0.979283420089159
0.975265608950373
0.971265677307773
0.967284696506287
0.963322919291263
0.959379722404826
0.955454426704452
0.951548142643431
0.947659492920958
0.943789772445468
0.939937718602119
0.936104199328049
0.932288574943509
0.928490241874141
0.924709798901867
0.92094699732935
0.917201583771793
0.913473254277492
0.909763273726865
0.906069550573019
0.902393350628209
0.898733842485832
0.895091896885364
0.891465936253512
0.887857508807251
0.884265239974279
0.880689617547667
0.877130240616545
0.873586932636571
0.870061359262943
0.866550325806273
0.863056572560637
0.85957828195117
0.856115852342591
0.852668997630053
0.849238709287011
0.845823229283798
0.842424046835162
0.83904037448445
0.835672014077221
0.832318148014782
0.828980297523049
0.825657183842621
0.822349523804663
0.81905626003712
0.815777864265091
0.812514585255665
0.809267231804175
0.806032760045496
0.802813827476265
0.799609070683818
0.796418728594693
0.79324285082859
0.790081753582823
0.786933991249091
0.783799943481819
0.780681219905607
0.777576062784727
0.774485025455451
0.771407376498951
0.768343385810234
0.765293047428363
0.762256618828089
0.759232920105868
0.756224114703354
0.753227872856857
0.75024509836136
0.747275114644971
0.74431849386138
0.741376006966756
0.738445154273223
0.735528192512266
0.732623286318924
0.729732081492241
0.726853995492611
0.723987448373464
0.721133753884568
0.718292240724172
0.715464643309612
0.712648792060906
0.709845359085678
0.707053454679302
0.704273930765577
0.701508427547012
0.698753265597103
0.696010644156487
0.693280177639925
0.690561568445498
0.687854605497915
0.685159973358839
0.682477240851433
0.679805180273005
0.677145293280459
0.674497137797828
0.671860254698286
0.669234671406076
0.666621636163568
0.664018626958147
0.661427380758639
0.658847429924573
0.656278290797423
0.653720640549153
0.651173293031172
0.648638276859898
0.646113075880416
0.643599561468365
0.641096515491692
0.638604339622867
0.636122857069872
0.633651855985621
0.631191935930016
0.628742414624604
0.62630299788431
0.623874000860317
0.62145598587714
0.619047764746016
0.616650747081676
0.614264173281606
0.611886541917713
0.60951904193265
0.607162952024816
0.60481622366625
0.602479574605633
0.600151915522248
0.597835633769219
0.595528197785612
0.593231226937039
0.590943461606248
0.588665819162218
0.586398265987082
0.584139704530364
0.581890666784558
0.579651666313658
0.577421841757615
0.575201728553418
0.572990282534589
0.570788836931391
0.568596127398417
0.566413463657292
0.564239662824413
0.562074760355671
0.559918490600084
0.557772527241478
0.555634846846066
0.553506426622809
0.551387050306231
0.549275958437005
0.547174019392678
0.545081806188
0.542996927533613
0.5409212782917021
0.538854603784108
0.536796625688865
0.534747543503567
0.532705714406812
0.530673244004006
0.528649708524576
0.526634656862827
0.524627346075992
0.522628281707769
0.520638124254402
0.5186562018243463
0.51668151133587
0.51471552085792
0.5127587557469662
0.510809325093658
0.508868430064275
0.506935502085458
0.50501023315919
0.503092672995943
0.501183224707831
0.4992819805864794
0.4973879743956775
0.4955025600010901
0.4936242020851354
0.491754562381039
0.489892097563947
0.488037051221296
0.486190037736757
0.484350404424684
0.482518358123599
0.480693812232123
0.4788773408260077
0.4770677096402224
0.4752658689842617
0.4734713574140378
0.471684170905663
0.469904507677356
0.468131752562469
0.466366040219087
0.464608599834226
0.46285745493809
0.4611133917759238
0.4593767507952251
0.4576471015365273
0.4559251093048472
0.454209509444867
0.452500854413124
0.450799970393895
0.449105610690896
0.447417034248249
0.445737300231897
0.4440631430621811
0.4423957714725225
0.4407357185164439
0.4390820450036447
0.437435263418107
0.435795382706466
0.434161620973166
0.432534809445878
0.430915197416289
0.4293009975856671
0.4276942904775025
0.4260930381725441
0.4244995846922365
0.422911164074519
0.421329663688871
0.419755443041121
0.418186951374024
0.416623921187216
0.415068463020359
0.4135180401746119
0.4119748275910038
0.4104385275148129
0.4089068607814995
0.407382035113903
0.405863186396979
0.404351168624594
0.402844791440985
0.401344733976839
0.399849013749097
0.3983605785570737
0.396879210703397
0.3954017248820117
0.393931810272317
0.392467282557228
0.391007485295538
0.389554566495106
0.388107744858963
0.386666247352582
0.3852300560165869
0.3838006187435297
0.3823767336342647
0.3809578517567411
0.379545377449089
0.37813776393471
0.376735395164296
0.37534061739067
0.373950037014343
0.372564778829712
0.3711861688420764
0.3698117688782854
0.3684425513337984
0.367079986844751
0.365722435755581
0.364370412515422
0.36302301973026
0.3616818644119
0.3603455581612155
0.3590148276694348
0.3576886133263245
0.356368776753695
0.355053243162989
0.353743402236264
0.352438762486321
0.351139110848492
0.349844424151522
0.3485548949456796
0.3472710621165547
0.3459916245088684
0.3447177817077991
0.343448634360811
0.342184170989631
0.340924734040985
0.339670955243006
0.338422337715764
0.3371769858743036
0.3359382170858551
0.3347033347618893
0.333473084954019
0.33224921853833
0.331028771482569
0.329813633285022
0.328602511126358
0.3273965271540072
0.3261956337830143
0.3249990154656165
0.323807893566426
0.322620772939345
0.321438311951779
0.320260362909433
0.319088433596849
0.31791939973555
0.3167553789662084
0.3155960302050041
0.3144405434591499
0.3132903236534801
0.312144926123838
0.31100355706675
0.309866678822102
0.308734200563627
0.3076056793615883
0.3064819417700689
0.3053632685742312
0.3042473745060682
0.303137074625355
0.302030807141592
0.300928490106763
0.299831134361633
0.298737290896535
0.2976484707215752
0.2965633030690492
0.2954825105197037
0.294405930967088
0.293333491688019
0.292265390684243
0.291201368623266
0.2901416571559
0.2890852786452951
0.2880334407012263
0.2869851006024605
0.2859415694655821
0.284902760091544
0.28386583068572
0.282834731895324
0.281807076654078
0.2807828928421759
0.2797644048132919
0.278748231684647
0.2777358359727396
0.276727739431492
0.275723773562244
0.274723692339067
0.273726922373133
0.2727343093405102
0.2717465690527765
0.2707607747068425
0.2697802039506503
0.268802675081712
0.267829450444758
0.266859312805267
0.265893394065785
0.2649306970977764
0.2639723904892915
0.2630175381978
0.2620661279009478
0.261117933966677
0.260173991076843
0.259233180447033
0.258296290127013
0.2573629251574039
0.2564335611841029
0.2555069019813584
0.2545850156932009
0.253665280462916
0.252750466681058
0.251837739454572
0.250928750792807
0.2500237557348129
0.2491221256138584
0.2482242572641693
0.247329085144009
0.246437482214176
0.245550209835372
0.244665238622711
0.2437836896331112
0.2429062601605239
0.2420308238691546
0.2411602813787151
0.240291822164762
0.239427498305811
0.238566680588384
0.237708460842726
0.2368536042801235
0.2360018537441441
0.2351544792753123
0.2343084092000466
0.233466947323949
0.232628309062121
0.231792282628588
0.23096071517463
0.230131096857422
0.2293045933295791
0.2284818914942956
0.227662495729787
0.22684609153202
0.226031662162533
0.2252217522983
0.2244141833634449
0.2236100680098024
0.2228085306760792
0.2220107134974447
0.221214509453279
0.2204230838516
0.219633239504337
0.2188468492116401
0.2180629178326285
0.2172831087944493
0.2165052540470327
0.215731250360884
0.214959175474506
0.214190636616662
0.213425286723456
0.2126616541077008
0.2119018057688751
0.2111443268382899
0.210390922857198
0.209639261963842
0.208890338757878
0.208144480165127
0.2074014637050394
0.2066610841811583
0.2059232967075434
0.2051887713058989
0.204456810046153
0.203727777272405
0.203001761508846
0.2022769441878874
0.2015565650720698
0.2008378448692468
0.2001227966840591
0.199409301752668
0.198698872514483
0.197991407542452
0.1972865829616167
0.1965838637778958
0.1958843960298597
0.1951870970932298
0.194492895294794
0.193801782726562
0.193112103963266
0.1924245743782955
0.1917403467173719
0.1910597437239231
0.1903795137817475
0.189703383117698
0.189029541645332
0.188358158498263
0.1876888726605753
0.187022597080416
0.1863585602813685
0.1856973955934829
0.185037811506023
0.184381214011493
0.183727210749767
0.1830759639216905
0.1824259675025175
0.1817792187185119
0.1811348972539172
0.180492894296196
0.179852898817192
0.179215735975067
0.1785808842124585
0.1779480868054948
0.1773173827489193
0.1766900452297313
0.176063962543015
0.17544100978455
0.1748197950691
0.1742012302329172
0.1735851405844404
0.1729705360425304
0.1723586105832171
0.171749366709163
0.17114315732381
0.170537835883131
0.1699349047305139
0.1693340969140785
0.1687359501404687
0.1681393445554165
0.167546048257262
0.166954261515952
0.16636454466922
0.1657767716596869
0.1651917401424025
0.16460866752249
0.164028123362499
0.163448999981117
0.162872753387209
0.1622982227792094
0.1617258214152712
0.1611554697615454
0.1605876434890203
0.160021723815382
0.159457357781091
0.158895466846704
0.1583361278508731
0.1577778604391007
0.1572221566799824
0.1566684841219246
0.156117233793628
0.155567342105348
0.155019583472374
0.1544745855555413
0.1539312491350784
0.1533891245093965
0.15285005508338
0.152311912940291
0.151776598281085
0.1512429685091659
0.1507113826085491
0.1501811618310826
0.1496538446842505
0.149127896236151
0.148604074506068
0.14808271901101
0.1475622321461166
0.1470443583630015
0.146527372366257
0.14601343641388
0.145501169831296
0.144990347192402
0.1444824442751053
0.1439745342841514
0.1434696999830472
0.1429665350719551
0.142464843947271
0.141965180492673
0.1414677240947941
0.1409721988856426
0.1404784810227753
0.1399858038734954
0.139495186103636
0.139007281738585
0.138519426211151
0.1380348589843802
0.1375508964440385
0.137069827559706
0.136590320650035
0.136111880263991
0.135635590459343
0.135161137351034
0.1346877901224664
0.1342174907321671
0.1337477268081969
0.133280196398706
0.13281419438172
0.1323499377298644
0.1318878940481198
0.1314265906851128
0.1309678244003276
0.13050964126567
0.130054131510151
0.1295995564105084
0.1291467159010681
0.1286955407030978
0.1282468086458568
0.127799281753371
0.127353225438738
0.126909057886166
0.1264661880644892
0.126024457608758
0.1255852389412894
0.125147226917563
0.124710949198021
0.124275760448492
0.1238424699605917
0.1234104885057106
0.122980381509075
0.122551639687387
0.12212523678441
0.121700218118284
0.1212757149930222
0.1208534921246524
0.1204321995949179
0.120012797559347
0.119595554612142
0.119178997712882
0.1187643771448842
0.118351396178032
0.1179390117623887
0.117528223532558
0.11712003811447
0.116712904368275
0.1163066149934095
0.1159020473752973
0.115499349674987
0.115097504618598
0.114697757409864
0.114299041827722
0.1139021252185678
0.1135066707999779
0.1131112744191511
0.112718895580254
0.112327697518581
0.111937408755193
0.1115490866542135
0.1111612684427235
0.1107764672737535
0.110390862082493
0.110007777603724
0.109626365292781
0.1092464357305528
0.108866907978992
0.1084900765831897
0.108113800329188
0.107738722924587
0.107364968464187
0.1069929582254818
0.1066217126027579
0.1062522785468313
0.105884328378812
0.105516860737317
0.1051516201993449
0.1047876544640746
0.1044245201353567
0.1040634223770277
0.103702684355872
0.103343730451507
0.1029858742621745
0.102629501697404
0.1022742577532225
0.1019207289592939
0.101567903511879
0.101216542147944
0.1008665360874836
0.1005171980499244
0.1001700065871468
0.099823075713176
0.099478373938413
0.099134426603633
0.0987914703554485
0.098450412457834
0.0981099000464579
0.097771223369692
0.09743404402431
0.0970962187066992
0.0967616958652421
0.0964268410855536
0.0960943712733668
0.095762642342169
0.095431501274935
0.0951027829256249
0.0947741063245806
0.0944471231362754
0.09412141725203
0.093796392701615
0.093472464344994
0.093150599457473
0.0928298868882445
0.0925090118957957
0.092190073974798
0.091872184573552
0.0915562516107228
0.0912402632724289
0.0909257057584839
0.0906127128435752
0.090300026355137
0.089988957343134
0.0896789177411831
0.0893702737056467
0.0890625272838631
0.088756149915068
0.088449789835026
0.088145862115197
0.087842694484886
0.0875401451298435
0.0872382448837931
0.086938200881917
0.086638894988283
0.0863406738443762
0.0860440156318723
0.0857480550319469
0.085453331558666
0.085159213218474
0.0848667683344003
0.0845752141901532
0.0842838748499148
0.0839942877240654
0.083706071187197
0.083418347350883
0.0831315180364566
0.0828460475248432
0.0825616404212355
0.082277906645496
0.081995976180786
0.0817136033303775
0.0814334379416101
0.0811536902028731
0.080874709148116
0.080597810247182
0.0803211262721574
0.0800446576945702
0.0797707414366379
0.0794965471390027
0.079224221134041
0.078952236995632
0.0786813034713314
0.0784116629941257
0.0781430734987503
0.077874832339494
0.0776076732602
0.0773417725492468
0.0770769450473853
0.076812529509449
0.076549424505608
0.076287080487517
0.0760252298093593
0.0757654142997972
0.0755061374356338
0.075247424029731
0.074989666841582
0.074732989393452
0.0744765243639637
0.0742221742426874
0.0739678383175183
0.073715204017153
0.073462814775332
0.0732109989164223
0.0729601728315259
0.0727114271172991
0.072461796999085
0.072214535056637
0.0719679619986728
0.0717212855194786
0.0714764984538171
0.071231764018802
0.070988048757495
0.0707457079970941
0.0705037988380318
0.0702632176116927
0.0700228668837874
0.069782936900143
0.069545215059777
0.0693078462772474
0.0690708641309883
0.0688349518665123
0.068599998845768
0.068365533055743
0.068132107805215
0.0679002440889675
0.0676680766115475
0.067436541898684
0.067206730227331
0.0669767468531091
0.0667490188832057
0.0665211060297966
0.066293846565539
0.066067948389016
0.0658428278141666
0.0656183117249917
0.0653943818103446
0.065171763842525
0.064948900123556
0.0647277798563316
0.064506714811352
0.064287304395152
0.064067761051961
0.063849876587655
0.0636323935140416
0.0634151241981236
0.0631994099280573
0.062983863299493
0.06276947430115
0.0625560015614571
0.0623427791497193
0.0621304954778862
0.061918597589575
0.06170839007163
0.0614981401167233
0.0612893131470319
0.0610802627033585
0.060872662741443
0.060665012093946
0.0604590447918024
0.060252816732395
0.0600486364848192
0.059843999353863
0.059640207273454
0.0594381397991171
0.0592356851042602
0.0590338043074859
0.058833281459037
0.058633167744416
0.0584336566275742
0.0582355298668125
0.0580375969911404
0.057840191587947
0.057643435842648
0.0574484281009071
0.0572527520685042
0.057058081784458
0.056864645458879
0.05667134244853
0.0564797229727651
0.0562871612721277
0.0560960315058414
0.055905675893151
0.055715931178052
0.0555270261669699
0.0553385682865566
0.0551503506074892
0.054963224932112
0.054776680361389
0.0545917498910551
0.0544061449376923
0.0542213540434913
0.054037166684996
0.0538543037130762
0.0536715059781826
0.053489807796634
0.0533084753794698
0.053127843941872
0.0529476311930862
0.0527679634468513
0.0525897194504089
0.052411258969417
0.052233541650303
0.0520565805731145
0.0518798289629882
0.0517041228011043
0.051529688949396
0.051354994990058
0.0511809510833477
0.0510070858833554
0.050835302251367
0.050662905511295
0.050491687365695
0.0503209747912059
0.050149854063722
0.0499806664168477
0.049810596274446
0.0496420804931746
0.0494746868127134
0.0493073872721004
0.04913986326691
0.048973761144818
0.0488084014676836
0.0486437081443113
0.0484788665121633
0.048314626594321
0.048151637761693
0.0479885418939778
0.0478264977119393
0.0476643414856955
0.047503778270067
0.047343362250614
0.0471835377076061
0.0470240736719812
0.0468652353051487
0.046706891776781
0.0465489295090047
0.0463919927074411
0.0462351335568338
0.046078526741275
0.045923199224999
0.0457680951399429
0.0456135967653298
0.0454590921101799
0.045306132165322
0.0451536569418713
0.0450007860720983
0.0448485448394439
0.044697432783722
0.044546482604181
0.0443967345324937
0.04424672686697088
0.0440975486754194
0.043948996864889
0.043800498414212
0.0436526664466612
0.0435053231172534
0.0433590892994676
0.043212584778183
0.0430667676052906
0.0429217233512011
0.0427765951234143
0.042633191544764
0.042489109097484
0.0423458005042516
0.0422027831147093
0.0420607155055842
0.04192002513689
0.0417777700991307
0.0416375577284389
0.0414972360100654
0.041357291905447
0.041217982743158
0.0410797393931682
0.0409410620328899
0.0408026694551272
0.04066592909522
0.0405285116179499
0.0403919524936857
0.040256345438105
0.040121089401082
0.039986167257727
0.0398513771333805
0.0397170487290896
0.039583331569809
0.039450692757019
0.0393178980511269
0.0391854763710892
0.0390535928236103
0.03892225952072
0.038791292451435
0.0386611059421339
0.0385311243014455
0.0384015191594314
0.038273014763106
0.0381437531065282
0.0380155011560266
0.037887857190244
0.037760000397735
0.037633160616113
0.0375075492532339
0.0373811973584797
0.0372554392770115
0.037130185123828
0.0370053969214251
0.03688075795415653
0.0367573574273944
0.036634077866786
0.036510731840252
0.0363888534215853
0.0362662566280664
0.036144241435682
0.036023139474104
0.0359019517925184
0.0357815352956009
0.0356617909671169
0.035542207239496
0.0354226470818715
0.0353035118255038
0.0351856648062486
0.035067704545822
0.034949543333273
0.0348319559723194
0.0347154107699139
0.03459936941826
0.034482475053367
0.0343675522627472
0.0342523065821919
0.0341372815106218
0.034022859043911
0.0339085262126516
0.0337953818259814
0.0336815470042769
0.033568673375524
0.033455972505432
0.0333442803598275
0.0332327440720177
0.033121764840721
0.033010588821078
0.0328996865977585
0.0327892410592909
0.0326795379243104
0.032570198456889
0.032461098739388
0.03235230483965931
0.0322434981442297
0.03213619127039
0.0320285292492084
0.0319211313023457
0.031814393962993
0.031707733806598
0.031602288087849
0.0314960780332697
0.0313904773770575
0.031285206320579
0.031180754040539
0.0310768900017112
0.0309722008031606
0.030869000833414
0.030765941299367
0.0306629500467776
0.0305601992221017
0.0304584189588893
0.030355957687764
0.0302544031304063
0.030153336118427
0.0300527478885505
0.02995288064008
0.0298522478924539
0.0297526293735454
0.0296526883721373
0.029554024950683
0.029455289093311
0.0293568179225178
0.0292581673716499
0.029160743799131
0.029063044815554
0.0289660824684155
0.0288695375687587
0.0287736340406542
0.028676939050136
0.0285809810545976
0.0284857547436698
0.0283905062845299
0.028295973657271
0.0282015758320816
0.02810768574557469
0.0280135207346811
0.027919628848447
0.0278264977133999
0.0277332857939831
0.0276408203854374
0.027548880210418
0.0274572027188651
0.0273650737429409
0.027274194723022
0.027183748893949
0.0270921943713996
0.0270022102465242
0.0269119674613093
0.026822629051845
0.026733172771831
0.0266433879409925
0.0265542507185757
0.026466166848336
0.02637809403715
0.0262903727764287
0.0262017470313941
0.026114929261058
0.026027789446267
0.0259409959590804
0.0258542789353467
0.025768822628144
0.025683045620413
0.0255963706331562
0.0255114494354296
0.025426546945936
0.025342077551906
0.0252575168054082
0.0251731353602614
0.0250895346076815
0.025005781462452
0.0249225473697535
0.0248396956393907
0.0247564830080803
0.024674532848794
0.0245926305723051
0.0245106931226862
0.024428876034291
0.024347295097947
0.0242667235861603
0.0241860284230672
0.0241055587303126
0.024025203899004
0.0239453201580821
0.0238650097317498
0.0237855574688983
0.023706878688947
0.0236281057369809
0.0235489881774012
0.023470957904696
0.023393261096011
0.0233154891790153
0.0232372914923795
0.023160740185215
0.023083521032201
0.0230066117755779
0.0229298629569383
0.022853678802306
0.022777694395061
0.0227020231729836
0.0226266328674631
0.022551376831974
0.022476717388116
0.0224013511630619
0.0223275211241119
0.022252968412868
0.022179074999616
0.0221052927161966
0.0220318029186942
0.021958821271072
0.0218859696246197
0.021812989317153
0.02174078517467
0.021668677376086
0.0215964851607284
0.021524671823681
0.0214534244539108
0.021382349470826
0.0213113776514402
0.0212401574986114
0.0211701635920332
0.021099156934188
0.0210296051030076
0.02095966225939707
0.0208898886253308
0.020820809370339
0.0207515003183727
0.0206823869491877
0.0206144260419715
0.020545632554471
0.0204780929025768
0.0204096614972219
0.020342460029139
0.02027450036183
0.0202072593013524
0.0201402782433755
0.020073099694937
0.020006444976085
0.0199407302340299
0.0198741477936695
0.019809114067631
0.0197429526187492
0.0196775143364496
0.0196119487805607
0.019546790399077
0.0194821938953418
0.01941749566967489
0.0193533950642558
0.019289392319875
0.0192252878226622
0.019161669794637