beta	a	b	lmax	sigmaT/((4 pi)/k^2)	DeltasigmaT	delta_lmax	counter
0.001	500.	0.002	12	4.0607950047415833e-7	1.2175056438848064e-6	-6.368952822170065e-6	10
0.001202264434617413	415.8818855513355	0.002404528869234826	12	5.868607111357916e-7	0.000012333582747170943	-6.278831990730836e-6	10
0.001445439770745928	345.91548545946813	0.002890879541491856	12	8.479252903156163e-7	2.4002891341395587e-6	-6.618345319014032e-6	10
0.0017378008287493763	287.71996866857836	0.0034756016574987525	12	1.2256903221284134e-6	1.0614279303520428e-6	-6.879970745339595e-6	10
0.0020892961308540386	239.3150461613193	0.004178592261708077	12	1.7702496389755931e-6	9.642859030568268e-7	-6.418840016222575e-6	10
0.0025118864315095794	199.0535852767487	0.005023772863019159	12	2.559561005949485e-6	1.6706676234107042e-7	-6.935729639595418e-6	10
0.003019951720402016	165.56556074129554	0.006039903440804032	12	3.700923403989219e-6	1.1967989824279185e-6	-6.659338249202965e-6	10
0.003630780547701014	137.7114351669083	0.007261561095402028	12	5.35154112498543e-6	5.408414596369402e-9	-6.597545417123053e-6	10
0.004365158322401661	114.54338263838862	0.008730316644803322	12	7.739610672489893e-6	1.1276417579861723e-6	-6.244576107353475e-6	10
0.005248074602497723	95.27303589816242	0.010496149204995446	12	0.000011194187053425051	3.752742408863815e-7	-6.653208482260541e-6	10
0.00630957344480193	79.2446596230557	0.01261914688960386	12	0.000016194238816133516	9.37651494285636e-8	-6.173794922760513e-6	10
0.007585775750291836	65.91283692782036	0.015171551500583672	12	0.000023428850480014075	1.2325286216462324e-7	-6.393625631704027e-6	10
0.009120108393559097	54.823909807159254	0.018240216787118194	12	0.000033906224187864145	7.420756721952124e-8	-6.304704797732599e-6	10
0.01096478196143185	45.600541967795486	0.0219295639228637	12	0.00004908119446050091	2.4332683601346215e-8	-6.631742504146576e-6	10
0.013182567385564075	37.92887875145918	0.02636513477112815	12	0.00007106839654803575	8.301031204259686e-8	-6.316977503574619e-6	10
0.015848931924611134	31.547867224009664	0.03169786384922227	12	0.00010294466415302114	1.814574897172219e-8	-6.471326677426224e-6	10
0.019054607179632473	26.24037301248863	0.03810921435926495	12	0.0001491817816627506	8.153799180309307e-8	-6.136738302728865e-6	10
0.022908676527677734	21.825791612008295	0.04581735305535547	12	0.0002162944311900846	7.63455934663907e-9	-6.4012725206635845e-6	10
0.02754228703338166	18.15390273850507	0.05508457406676332	12	0.0003137971009842389	3.488928210211434e-8	-6.338773459996231e-6	10
0.03311311214825911	15.099758602010079	0.06622622429651823	12	0.000455593232759735	3.5136882352632354e-10	-6.7839338410538135e-6	10
0.039810717055349734	12.559432157547898	0.07962143411069947	12	0.0006620549276039063	1.024489253003523e-8	-6.5698394020241605e-6	10
0.047863009232263824	10.4464806542702	0.09572601846452765	12	0.0009631000678445473	1.9302716053446065e-8	-5.8563013835403915e-6	10
0.057543993733715694	8.689004143746876	0.11508798746743139	12	0.0014028326598811947	1.0443284003740287e-8	-5.9701962287740715e-6	10
0.06918309709189366	7.227198853729637	0.13836619418378732	12	0.0020464523887658184	5.294215704923805e-9	-6.069516316495994e-6	10
0.08317637711026708	6.011322173087065	0.16635275422053417	12	0.002990811923071846	2.601070546914549e-9	-6.085728486550069e-6	10
0.1	5.	0.2	12	0.004380420323016533	2.840970163528961e-9	-6.107355404050763e-6	10
0.12022644346174131	4.1588188555133545	0.24045288692348263	12	0.006432165009320699	3.771466652824416e-9	-5.767968898084679e-6	10
0.1445439770745928	3.4591548545946815	0.2890879541491856	12	0.009473520023284351	1.502201985949291e-9	-5.9973332340529576e-6	10
0.17378008287493762	2.8771996866857834	0.34756016574987525	12	0.014002257207268472	2.7586428285332737e-10	-6.230059511568422e-6	10
0.20892961308540386	2.393150461613193	0.41785922617080773	12	0.020780251650112117	3.394847793111317e-10	-5.726442727439455e-6	10
0.25118864315095796	1.9905358527674866	0.5023772863019159	12	0.03098103360440663	3.387560030350334e-10	-5.9776781049008565e-6	10
0.3019951720402016	1.6556556074129556	0.6039903440804032	12	0.04642066127767976	2.994199187374738e-10	-5.938618879838243e-6	10
0.3630780547701014	1.377114351669083	0.7261561095402028	12	0.06990986261565889	2.6417079065116768e-11	-6.05859687357572e-6	10
0.4365158322401661	1.1454338263838861	0.8730316644803322	12	0.10576031142750073	1.2878591154487429e-10	-5.265803253652234e-6	10
0.5248074602497729	0.9527303589816231	1.0496149204995457	13	0.16040548986550549	1.3573465443405361e-11	-6.881985424928314e-6	10
0.6309573444801936	0.7924465962305564	1.2619146889603872	13	0.2428231529410096	1.1906440959272014e-11	-6.624957116239842e-6	10
0.7585775750291835	0.6591283692782037	1.517155150058367	13	0.36370968618544314	3.3514136704374987e-11	-6.304472467646195e-6	10
0.9120108393559097	0.5482390980715925	1.8240216787118193	13	0.5311275812323846	4.343670949695407e-12	-6.401315519150132e-6	10
1.096478196143185	0.4560054196779548	2.19295639228637	13	0.7410413781144477	2.581476475345431e-11	-5.936016041244118e-6	10
1.3182567385564075	0.3792887875145918	2.636513477112815	13	0.9671181173985727	1.4474185473685925e-11	-5.778834820313248e-6	10
1.584893192461114	0.3154786722400965	3.169786384922228	14	1.174589675167791	7.981275008741345e-13	-7.108852401457996e-6	10
1.9054607179632483	0.26240373012488616	3.8109214359264967	14	1.3586493021707726	8.057445799008779e-12	-6.713899612851386e-6	10
2.2908676527677723	0.21825791612008305	4.5817353055355445	14	1.5750256177609334	1.0536444293937037e-11	-6.603037369488545e-6	10
2.7542287033381663	0.18153902738505068	5.5084574066763325	14	1.9327069489386828	7.55743966497596e-12	-6.953669221258767e-6	10
3.311311214825911	0.1509975860201008	6.622622429651822	14	2.505022299910564	4.955317800657362e-12	-6.631697122488448e-6	10
3.981071705534973	0.12559432157547898	7.962143411069946	14	3.010974262155331	4.648006306524165e-12	-6.26246748809915e-6	10
4.786300923226385	0.10446480654270195	9.57260184645277	15	2.8648345817286245	8.496622431798831e-12	-7.536716683267625e-6	10
5.754399373371572	0.08689004143746873	11.508798746743144	15	2.367492627315224	1.28303258913185e-13	-7.701513419989577e-6	10
6.918309709189363	0.0722719885372964	13.836619418378726	15	2.437626351887711	1.4157649981766529e-11	-6.787126508297771e-6	10
8.317637711026709	0.06011322173087065	16.635275422053418	15	3.7849706518335946	6.656109965544155e-12	-7.179882138310668e-6	10
10.	0.05	20.	15	2.7777954184090894	8.395790701548008e-12	-7.094792219427456e-6	10
12.02264434617413	0.04158818855513354	24.04528869234826	16	1.555936445475558	2.889837347032894e-12	-8.041514428210462e-6	10
14.45439770745928	0.03459154854594681	28.90879541491856	16	3.8799665683493196	3.0381457619906457e-12	-7.840797542387344e-6	10
17.378008287493763	0.028771996866857833	34.75601657498753	16	7.481998446755118	1.6022115235683836e-12	-7.97608069290319e-6	10
20.892961308540407	0.0239315046161319	41.785922617080814	16	2.305291017620875	6.8136453195893045e-12	-7.475182771538681e-6	10
25.11886431509582	0.019905358527674846	50.23772863019164	16	5.445209403124442	6.9139869686015855e-12	-7.633817326566954e-6	10
30.199517204020193	0.01655655607412954	60.399034408040386	16	3.0062407811898932	4.784286518057944e-12	-7.3399094721278625e-6	10
36.30780547701018	0.013771143516690816	72.61561095402035	17	5.256297900582441	9.47944927925471e-13	-8.937440635714815e-6	10
43.65158322401656	0.011454338263838874	87.30316644803312	16	5.3535409656442425	4.650976611139607e-12	-7.226962457808823e-6	10
52.48074602497723	0.009527303589816242	104.96149204995446	17	2.4923413791631925	4.579265420305639e-12	-8.01117983169383e-6	10
63.0957344480193	0.00792446596230557	126.1914688960386	17	3.9623571084272475	1.154281314655779e-12	-8.233745812080766e-6	10
75.85775750291836	0.006591283692782037	151.71551500583672	17	7.06503030689371	4.683251059370369e-12	-7.567326685035718e-6	10
91.20108393559097	0.005482390980715925	182.40216787118194	18	7.8798947669006045	5.637753994306824e-12	-8.30858568904099e-6	10
109.64781961431851	0.004560054196779548	219.29563922863701	18	8.316889144671714	6.834697189300115e-15	-9.554741174813325e-6	10
131.82567385564073	0.0037928878751459184	263.65134771128146	17	13.134822340359165	6.268386231100088e-13	-7.527604381800001e-6	10
158.48931924611142	0.0031547867224009647	316.97863849222284	18	3.7576055455496813	1.0199287377424273e-13	-8.787196293714147e-6	10
190.54607179632484	0.0026240373012488614	381.0921435926497	17	7.966014823063797	8.618079739513813e-12	-5.924553452548063e-6	10
229.08676527677747	0.0021825791612008283	458.17353055355494	18	6.360656087601161	5.5364392725980975e-12	-8.110822950375975e-6	10
275.4228703338169	0.001815390273850505	550.8457406676338	19	10.819450521130392	2.6242818584544576e-12	-9.470330301339962e-6	10
331.1311214825914	0.0015099758602010066	662.2622429651828	19	7.747070616108911	8.601964553103394e-13	-9.429377586619968e-6	10
398.1071705534977	0.0012559432157547886	796.2143411069954	19	9.101938986674103	3.6101152582381054e-12	-9.047891924343226e-6	10
478.630092322638	0.0010446480654270204	957.260184645276	19	11.211393027904702	1.0633050433212488e-12	-9.287073274803284e-6	10
575.4399373371566	0.0008689004143746882	1150.8798746743132	18	8.814393599716027	2.0304863287059583e-11	-5.79199792598305e-6	10
691.8309709189363	0.000722719885372964	1383.6619418378725	18	12.368821243988577	1.925355070361633e-11	-5.3627581522766735e-6	10
831.7637711026708	0.0006011322173087066	1663.5275422053417	20	10.098222854121532	2.7828624506856183e-12	-9.305595558795744e-6	10
1000.	0.0005	2000.	20	13.077444991297883	5.480887017114941e-13	-9.620166316817798e-6	10
1202.2644346174131	0.00041588188555133544	2404.5288692348263	20	10.751431934250038	1.0990466914514953e-12	-9.776075950188243e-6	10
1445.439770745928	0.0003459154854594681	2890.879541491856	19	15.411530562517397	7.838591961258578e-12	-7.198349593792592e-6	10
1737.8008287493763	0.0002877199686685783	3475.6016574987525	19	15.140782260979888	1.1047688217210189e-11	-6.5159986164022805e-6	10
2089.2961308540407	0.00023931504616131902	4178.592261708081	20	15.091825629813133	1.437627426174715e-12	-9.03629413416841e-6	10
2511.886431509582	0.00019905358527674846	5023.772863019164	21	15.537748065600745	2.505666373586395e-12	-9.706902036761165e-6	10
3019.951720402019	0.0001655655607412954	6039.903440804038	20	27.92883054475483	4.499147570991262e-12	-7.901734948433991e-6	10
3630.7805477010174	0.00013771143516690817	7261.561095402035	21	27.403686608492382	6.963159899419299e-13	-9.946969733240556e-6	10
4365.158322401666	0.0001145433826383885	8730.316644803332	21	17.59940661070776	2.856195493029203e-12	-9.125710910613058e-6	10
5248.074602497723	0.00009527303589816241	10496.149204995447	22	19.048396057763938	9.898078261412521e-13	-0.000010813731481720513	10
6309.57344480193	0.0000792446596230557	12619.14688960386	21	23.820065476776858	2.7259768857864605e-12	-8.716310018079231e-6	10
7585.775750291836	0.00006591283692782037	15171.551500583671	22	20.679330739298383	3.704012856151358e-13	-0.000011009649179019645	10
9120.108393559096	0.00005482390980715926	18240.216787118192	22	20.41034475553165	9.378587932086322e-13	-0.000010543439285512262	10
10964.78196143185	0.00004560054196779549	21929.5639228637	22	19.60690790580338	2.5771655018970885e-12	-9.75950685084102e-6	10
13182.567385564074	0.00003792887875145918	26365.13477112815	22	27.46670988004156	2.2814077164866236e-12	-9.701601908531302e-6	10
15848.93192461114	0.00003154786722400965	31697.86384922228	22	23.954176759441975	5.923617653670582e-13	-0.000010351056860247608	10
19054.607179632483	0.000026240373012488613	38109.214359264966	23	13.18874557885586	2.407131841616115e-12	-0.000011675271417221049	10
22908.676527677748	0.000021825791612008283	45817.353055355496	23	10.887588733730423	4.313962654124954e-12	-0.000010324327071458123	10
27542.28703338169	0.00001815390273850505	55084.57406676338	23	15.55921800618673	8.229192555381872e-13	-0.0000111597678023572	10
33113.11214825915	0.000015099758602010064	66226.2242965183	23	12.63502615139379	4.06726529476865e-12	-9.797576940007873e-6	10
39810.71705534977	0.000012559432157547886	79621.43411069954	24	23.034156681082628	1.2338940740880727e-15	-0.000012267032061651981	10
47863.0092322638	0.000010446480654270205	95726.0184645276	24	34.171145941821756	1.836910748736106e-12	-0.000011533885944626954	10
57543.993733715666	8.689004143746882e-6	115087.98746743133	24	42.77903178257658	5.007795312446281e-13	-0.000011676091730160573	10
69183.09709189362	7.22719885372964e-6	138366.19418378724	23	57.35361470107412	2.2792923027917356e-12	-8.943325932955488e-6	10
83176.37711026709	6.011322173087066e-6	166352.75422053417	24	53.66277103138872	1.4575569403010324e-12	-0.000010756767048362406	10
100000.	5.e-6	200000.	25	63.418570533210335	1.7814386864288256e-13	-0.000012288972549292412	10