beta	a	b	lmax	sigmav/((4 pi)/k^2)	Deltasigmav	delta_lmax	counter
0.001	500.	0.002	12	4.1687371245470223e-7	0.000022696462473203902	-6.368952822170065e-6	10
0.001202264434617413	415.8818855513355	0.002404528869234826	12	6.023556440280288e-7	0.000021536285853089397	-6.278831990730836e-6	10
0.001445439770745928	345.91548545946813	0.002890879541491856	12	8.696415313271667e-7	0.000011449514576307701	-6.618345319014032e-6	10
0.0017378008287493763	287.71996866857836	0.0034756016574987525	12	1.256769432796136e-6	2.548386718961494e-7	-6.879970745339595e-6	10
0.0020892961308540386	239.3150461613193	0.004178592261708077	12	1.8130077462160927e-6	5.781643992696613e-6	-6.418840016222575e-6	10
0.0025118864315095794	199.0535852767487	0.005023772863019159	12	2.621067779374256e-6	1.6803709983137949e-6	-6.935729639595418e-6	10
0.003019951720402016	165.56556074129554	0.006039903440804032	12	3.7888670046721846e-6	5.272160930325839e-7	-6.659338249202965e-6	10
0.003630780547701014	137.7114351669083	0.007261561095402028	12	5.4778885490585016e-6	5.375538112119414e-7	-6.597545417123053e-6	10
0.004365158322401661	114.54338263838862	0.008730316644803322	12	7.920718539916213e-6	6.087027811104834e-7	-6.244576107353475e-6	10
0.005248074602497723	95.27303589816242	0.010496149204995446	12	0.000011454143900467969	9.227966500232602e-8	-6.653208482260541e-6	10
0.00630957344480193	79.2446596230557	0.01261914688960386	12	0.00001656825091336973	3.394417267459499e-7	-6.173794922760513e-6	10
0.007585775750291836	65.91283692782036	0.015171551500583672	12	0.00002396329860147073	1.5483618405728196e-7	-6.393625631704027e-6	10
0.009120108393559097	54.823909807159254	0.018240216787118194	12	0.00003467394642798171	1.410677750183749e-7	-6.304704797732599e-6	10
0.01096478196143185	45.600541967795486	0.0219295639228637	12	0.000050182667671963176	1.084495315171541e-7	-6.631742504146576e-6	10
0.013182567385564075	37.92887875145918	0.02636513477112815	12	0.00007264668674984995	2.1270728085048104e-7	-6.316977503574619e-6	10
0.015848931924611134	31.547867224009664	0.03169786384922227	12	0.00010520481521040309	3.8807039352067174e-8	-6.471326677426224e-6	10
0.019054607179632473	26.24037301248863	0.03810921435926495	12	0.00015241003685825317	1.30208252494779e-7	-6.136738302728865e-6	10
0.022908676527677734	21.825791612008295	0.04581735305535547	12	0.00022089028705521842	1.6985398464020697e-9	-6.4012725206635845e-6	10
0.02754228703338166	18.15390273850507	0.05508457406676332	12	0.0003203250045893723	3.955619586271418e-8	-6.338773459996231e-6	10
0.03311311214825911	15.099758602010079	0.06622622429651823	12	0.00046482849217609396	3.979251569064436e-10	-6.7839338410538135e-6	10
0.039810717055349734	12.559432157547898	0.07962143411069947	12	0.0006750454603673295	2.5737064054671716e-9	-6.5698394020241605e-6	10
0.047863009232263824	10.4464806542702	0.09572601846452765	12	0.000981249958389922	1.2050408656044289e-8	-5.8563013835403915e-6	10
0.057543993733715694	8.689004143746876	0.11508798746743139	12	0.001427940610874063	7.936674707381681e-9	-5.9701962287740715e-6	10
0.06918309709189366	7.227198853729637	0.13836619418378732	12	0.002080738001618089	9.020637099593722e-9	-6.069516316495994e-6	10
0.08317637711026708	6.011322173087065	0.16635275422053417	12	0.003036734788830415	3.3714920332753437e-9	-6.085728486550069e-6	10
0.1	5.	0.2	12	0.0044402341844432544	2.3951085497898047e-9	-6.107355404050763e-6	10
0.12022644346174131	4.1588188555133545	0.24045288692348263	12	0.006506594495610293	1.6409552593227157e-9	-5.767968898084679e-6	10
0.1445439770745928	3.4591548545946815	0.2890879541491856	12	0.0095589055410119	1.3313402001344515e-9	-5.9973332340529576e-6	10
0.17378008287493762	2.8771996866857834	0.34756016574987525	12	0.014084255890678578	3.4350250948716505e-10	-6.230059511568422e-6	10
0.20892961308540386	2.393150461613193	0.41785922617080773	12	0.020820590511383612	7.2867617520863e-10	-5.726442727439455e-6	10
0.25118864315095796	1.9905358527674866	0.5023772863019159	12	0.030889892536222204	3.250454055273914e-10	-5.9776781049008565e-6	10
0.3019951720402016	1.6556556074129556	0.6039903440804032	12	0.04599932627843881	3.4200317805185034e-10	-5.938618879838243e-6	10
0.3630780547701014	1.377114351669083	0.7261561095402028	12	0.06873229597451241	1.3110810536994002e-10	-6.05859687357572e-6	10
0.4365158322401661	1.1454338263838861	0.8730316644803322	12	0.10292900595373727	3.2694377599562516e-10	-5.265803253652234e-6	10
0.5248074602497729	0.9527303589816231	1.0496149204995457	13	0.15405482826645855	6.015105041881808e-11	-6.881985424928314e-6	10
0.6309573444801936	0.7924465962305564	1.2619146889603872	13	0.2291435461784028	3.5256327390887445e-11	-6.624957116239842e-6	10
0.7585775750291835	0.6591283692782037	1.517155150058367	13	0.3351721250188025	3.2606238920512613e-11	-6.304472467646195e-6	10
0.9120108393559097	0.5482390980715925	1.8240216787118193	13	0.4737582014428241	4.7962444787201885e-11	-6.401315519150132e-6	10
1.096478196143185	0.4560054196779548	2.19295639228637	13	0.6314502140354679	2.6553916562315468e-11	-5.936016041244118e-6	10
1.3182567385564075	0.3792887875145918	2.636513477112815	13	0.772567287077301	3.3312124808506265e-11	-5.778834820313248e-6	10
1.584893192461114	0.3154786722400965	3.169786384922228	14	0.8566489619614446	1.1544830079325055e-11	-7.108852401457996e-6	10
1.9054607179632483	0.26240373012488616	3.8109214359264967	14	0.8765987445001657	1.8967160401626718e-11	-6.713899612851386e-6	10
2.2908676527677723	0.21825791612008305	4.5817353055355445	14	0.881591820292587	1.2621348045000958e-11	-6.603037369488545e-6	10
2.7542287033381663	0.18153902738505068	5.5084574066763325	14	0.9671572853539719	1.995218120766656e-11	-6.953669221258767e-6	10
3.311311214825911	0.1509975860201008	6.622622429651822	14	1.2065106593779493	2.0112480910550885e-11	-6.631697122488448e-6	10
3.981071705534973	0.12559432157547898	7.962143411069946	14	1.4271858179471415	1.5316904803638446e-11	-6.26246748809915e-6	10
4.786300923226385	0.10446480654270195	9.57260184645277	15	1.3261877719991104	6.08493551759647e-12	-7.536716683267625e-6	10
5.754399373371572	0.08689004143746873	11.508798746743144	15	1.237778521218474	5.716967448611324e-12	-7.701513419989577e-6	10
6.918309709189363	0.0722719885372964	13.836619418378726	15	1.8401758005047206	1.5401907499546355e-11	-6.787126508297771e-6	10
8.317637711026709	0.06011322173087065	16.635275422053418	15	3.3750892050664323	6.229847728865597e-12	-7.179882138310668e-6	10
10.	0.05	20.	15	2.3378217468161973	7.119266227010454e-12	-7.094792219427456e-6	10
12.02264434617413	0.04158818855513354	24.04528869234826	16	1.366688837856813	6.166836836399479e-12	-8.041514428210462e-6	10
14.45439770745928	0.03459154854594681	28.90879541491856	16	3.2582612261562227	8.406624415098072e-12	-7.840797542387344e-6	10
17.378008287493763	0.028771996866857833	34.75601657498753	16	3.400552396384937	4.7789296123203345e-12	-7.97608069290319e-6	10
20.892961308540407	0.0239315046161319	41.785922617080814	16	2.1470578310499246	1.1027883860146633e-11	-7.475182771538681e-6	10
25.11886431509582	0.019905358527674846	50.23772863019164	16	3.618713620752775	7.83948822365028e-12	-7.633817326566954e-6	10
30.199517204020193	0.01655655607412954	60.399034408040386	16	2.5959373219748243	1.3408533393262026e-11	-7.3399094721278625e-6	10
36.30780547701018	0.013771143516690816	72.61561095402035	17	3.589003342094417	1.4616943301326267e-12	-8.937440635714815e-6	10
43.65158322401656	0.011454338263838874	87.30316644803312	17	5.168785373635235	3.744285430007483e-12	-8.437197375038938e-6	10
52.48074602497723	0.009527303589816242	104.96149204995446	17	2.0251704719503008	1.9451005057836514e-11	-8.01117983169383e-6	10
63.0957344480193	0.00792446596230557	126.1914688960386	17	2.0459114078178238	1.3427008734739947e-11	-8.233745812080766e-6	10
75.85775750291836	0.006591283692782037	151.71551500583672	17	4.311976492725571	6.530165571969182e-12	-7.567326685035718e-6	10
91.20108393559097	0.005482390980715925	182.40216787118194	17	5.505249070672004	7.618144872315466e-12	-7.70759824687487e-6	10
109.64781961431851	0.004560054196779548	219.29563922863701	18	5.834342978545202	1.4413402346513686e-12	-9.554741174813325e-6	10
131.82567385564073	0.0037928878751459184	263.65134771128146	18	7.6231798095254595	4.280469276184348e-12	-8.203899783608403e-6	10
158.48931924611142	0.0031547867224009647	316.97863849222284	18	2.4894999360245635	5.759870201012843e-12	-8.787196293714147e-6	10
190.54607179632484	0.0026240373012488614	381.0921435926497	18	7.477642971471058	7.954315636341467e-12	-7.877491529686284e-6	10
229.08676527677747	0.0021825791612008283	458.17353055355494	18	3.4554972552817875	1.577864159980515e-11	-8.110822950375975e-6	10
275.4228703338169	0.001815390273850505	550.8457406676338	19	8.831477311915021	1.9625157909514006e-12	-9.470330301339962e-6	10
331.1311214825914	0.0015099758602010066	662.2622429651828	19	7.002627059875231	2.163932462627335e-12	-9.429377586619968e-6	10
398.1071705534977	0.0012559432157547886	796.2143411069954	19	7.889134301239283	3.8082154616345416e-12	-9.047891924343226e-6	10
478.630092322638	0.0010446480654270204	957.260184645276	19	9.82742849392503	1.445136226613573e-12	-9.287073274803284e-6	10
575.4399373371566	0.0008689004143746882	1150.8798746743132	19	4.83102583484303	5.1244182785937915e-12	-8.861151087514499e-6	10
691.8309709189363	0.000722719885372964	1383.6619418378725	19	10.68714219673915	2.457812210292348e-12	-8.903079295155827e-6	10
831.7637711026708	0.0006011322173087066	1663.5275422053417	20	7.893015313983487	5.740796974994469e-12	-9.305595558795744e-6	10
1000.	0.0005	2000.	20	10.946723314129303	2.4527553001129496e-12	-9.620166316817798e-6	10
1202.2644346174131	0.00041588188555133544	2404.5288692348263	20	5.365730216658164	4.9069110839713064e-12	-9.776075950188243e-6	10
1445.439770745928	0.0003459154854594681	2890.879541491856	20	11.839687532553931	5.288101817694412e-12	-9.656033265614878e-6	10
1737.8008287493763	0.0002877199686685783	3475.6016574987525	20	7.567970449078159	2.908185409592078e-12	-9.407977290580002e-6	10
2089.2961308540407	0.00023931504616131902	4178.592261708081	20	10.644209426268093	3.0526568958913093e-12	-9.03629413416841e-6	10
2511.886431509582	0.00019905358527674846	5023.772863019164	21	9.766590066322275	3.286407181346469e-12	-9.706902036761165e-6	10
3019.951720402019	0.0001655655607412954	6039.903440804038	21	13.908829728701699	2.662843734802285e-13	-0.000010347892697986334	10
3630.7805477010174	0.00013771143516690817	7261.561095402035	21	13.694923214076512	2.146167583807193e-12	-9.946969733240556e-6	10
4365.158322401666	0.0001145433826383885	8730.316644803332	21	7.08513489299114	1.0630233997020632e-11	-9.125710910613058e-6	10
5248.074602497723	0.00009527303589816241	10496.149204995447	22	8.221680340577612	5.29449243300007e-12	-0.000010813731481720513	10
6309.57344480193	0.0000792446596230557	12619.14688960386	22	11.908786870815305	3.150334022703271e-12	-0.000010434300190286415	10
7585.775750291836	0.00006591283692782037	15171.551500583671	22	10.715074348286752	1.089513405981898e-12	-0.000011009649179019645	10
9120.108393559096	0.00005482390980715926	18240.216787118192	22	12.614799943383453	3.975215921103102e-12	-0.000010543439285512262	10
10964.78196143185	0.00004560054196779549	21929.5639228637	22	14.61359790100008	4.668322262570014e-12	-9.75950685084102e-6	10
13182.567385564074	0.00003792887875145918	26365.13477112815	22	22.800194017831572	4.189205897995933e-12	-9.701601908531302e-6	10
15848.93192461114	0.00003154786722400965	31697.86384922228	23	25.241995378873625	1.24855910048443e-12	-0.000011136547174325785	10
19054.607179632483	0.000026240373012488613	38109.214359264966	23	17.210738129466705	7.094801409557179e-13	-0.000011675271417221049	10
22908.676527677748	0.000021825791612008283	45817.353055355496	22	15.193405380590091	7.671112698442107e-12	-8.57308118186354e-6	10
27542.28703338169	0.00001815390273850505	55084.57406676338	22	13.475727460665842	1.0105244092185789e-11	-8.485062163578153e-6	10
33113.11214825915	0.000015099758602010064	66226.2242965183	22	13.986805012974317	6.7864965574901344e-12	-8.417975169761018e-6	10
39810.71705534977	0.000012559432157547886	79621.43411069954	24	15.06395022757899	1.1450134028601522e-12	-0.000012267032061651981	10
47863.0092322638	0.000010446480654270205	95726.0184645276	23	24.292353474651296	4.8402313936706085e-12	-0.000010019621251109103	10
57543.993733715666	8.689004143746882e-6	115087.98746743133	24	29.647421067194777	8.840016387642679e-13	-0.000011676091730160573	10
69183.09709189362	7.22719885372964e-6	138366.19418378724	24	28.839248691739204	1.6001178972194167e-12	-0.000011277176592971214	10
83176.37711026709	6.011322173087066e-6	166352.75422053417	23	13.887720128444142	1.4305153814097155e-11	-8.497628734791674e-6	10
100000.	5.e-6	200000.	25	11.127182709322494	5.049451267047571e-13	-0.000012288972549292412	10