1.000000000000000021e-03 1.000000000000000000e+00 5.401461781264606777e-07
1.584893192461114082e-03 1.000000000000000000e+00 1.358209716128560397e-06
2.511886431509579437e-03 1.000000000000000000e+00 3.415852709748695451e-06
3.981071705534973415e-03 1.000000000000000000e+00 8.586036342194211472e-06
6.309573444801930275e-03 1.000000000000000000e+00 2.160428255655475811e-05
1.000000000000000021e-02 1.000000000000000000e+00 5.437752839513293723e-05
1.584893192461114125e-02 1.000000000000000000e+00 1.368736027850652728e-04
2.511886431509580825e-02 1.000000000000000000e+00 3.440666623295379170e-04
3.981071705534973415e-02 1.000000000000000000e+00 8.610273523674973712e-04
6.309573444801933051e-02 1.000000000000000000e+00 2.133987046020569683e-03
1.000000000000000056e-01 1.000000000000000000e+00 5.203145773184421168e-03
1.584893192461114264e-01 1.000000000000000000e+00 1.238133030047691187e-02
2.511886431509582351e-01 1.000000000000000000e+00 2.848748200103836184e-02
3.981071705534973137e-01 1.000000000000000000e+00 6.276115774302294670e-02
6.309573444801935826e-01 1.000000000000000000e+00 1.312553667454438022e-01
1.000000000000000000e+00 1.000000000000000000e+00 2.588841547247855979e-01
1.584893192461114042e+00 1.000000000000000000e+00 4.792311153198403617e-01
2.511886431509582351e+00 1.000000000000000000e+00 8.286584122743728686e-01
3.981071705534973137e+00 1.000000000000000000e+00 1.333623472038792501e+00
6.309573444801936049e+00 1.000000000000000000e+00 1.995502399735303412e+00
1.000000000000000000e+01 1.000000000000000000e+00 2.800322760500284947e+00
1.584893192461114175e+01 1.000000000000000000e+00 3.790328118286141024e+00
2.511886431509581996e+01 1.000000000000000000e+00 5.149066840788140809e+00
3.981071705534977667e+01 1.000000000000000000e+00 7.076681821243838044e+00
6.309573444801942799e+01 1.000000000000000000e+00 9.402262224633991750e+00
1.000000000000000000e+02 1.000000000000000000e+00 1.169192272743258343e+01
1.584893192461114211e+02 1.000000000000000000e+00 1.398352398092752935e+01
2.511886431509582280e+02 1.000000000000000000e+00 1.646572096042721256e+01
3.981071705534977241e+02 1.000000000000000000e+00 1.914818848036207299e+01
6.309573444801942514e+02 1.000000000000000000e+00 2.223893673701036988e+01
1.000000000000000000e+03 1.000000000000000000e+00 2.570560717962005270e+01
1.584893192461114040e+03 1.000000000000000000e+00 2.941495322822659020e+01
2.511886431509582053e+03 1.000000000000000000e+00 3.329541071209627034e+01
3.981071705534977355e+03 1.000000000000000000e+00 3.744283505019739522e+01
6.309573444801942969e+03 1.000000000000000000e+00 4.205820399728914794e+01
1.000000000000000000e+04 1.000000000000000000e+00 4.718781567796150966e+01
1.000000000000000021e-03 1.258925411794167282e+00 5.607890610406118576e-07
1.584893192461114082e-03 1.258925411794167282e+00 1.409406185874066107e-06
2.511886431509579437e-03 1.258925411794167282e+00 3.540869422076778973e-06
3.981071705534973415e-03 1.258925411794167282e+00 8.905612652764264767e-06
6.309573444801930275e-03 1.258925411794167282e+00 2.240484120462443539e-05
1.000000000000000021e-02 1.258925411794167282e+00 5.637798949852407818e-05
1.584893192461114125e-02 1.258925411794167282e+00 1.417685515129607770e-04
2.511886431509580825e-02 1.258925411794167282e+00 3.555343507814365733e-04
3.981071705534973415e-02 1.258925411794167282e+00 8.861698151420224767e-04
6.309573444801933051e-02 1.258925411794167282e+00 2.184981908065650787e-03
1.000000000000000056e-01 1.258925411794167282e+00 5.297412505877005691e-03
1.584893192461114264e-01 1.258925411794167282e+00 1.253395109019535790e-02
2.511886431509582351e-01 1.258925411794167282e+00 2.869109682626979838e-02
3.981071705534973137e-01 1.258925411794167282e+00 6.297706673409006473e-02
6.309573444801935826e-01 1.258925411794167282e+00 1.314689571587518424e-01
1.000000000000000000e+00 1.258925411794167282e+00 2.591464326702759280e-01
1.584893192461114042e+00 1.258925411794167282e+00 4.794321937554977264e-01
2.511886431509582351e+00 1.258925411794167282e+00 8.288208826815460784e-01
3.981071705534973137e+00 1.258925411794167282e+00 1.333895323864578986e+00
6.309573444801936049e+00 1.258925411794167282e+00 1.996154581485607871e+00
1.000000000000000000e+01 1.258925411794167282e+00 2.801940580558348159e+00
1.584893192461114175e+01 1.258925411794167282e+00 3.794330591297480737e+00
2.511886431509581996e+01 1.258925411794167282e+00 5.157501827633334202e+00
3.981071705534977667e+01 1.258925411794167282e+00 7.085206146978659802e+00
6.309573444801942799e+01 1.258925411794167282e+00 9.405779978569041688e+00
1.000000000000000000e+02 1.258925411794167282e+00 1.170092093185012594e+01
1.584893192461114211e+02 1.258925411794167282e+00 1.399486639673357757e+01
2.511886431509582280e+02 1.258925411794167282e+00 1.647560390965347565e+01
3.981071705534977241e+02 1.258925411794167282e+00 1.915965996709014263e+01
6.309573444801942514e+02 1.258925411794167282e+00 2.224419832202458380e+01
1.000000000000000000e+03 1.258925411794167282e+00 2.571248587459637847e+01
1.584893192461114040e+03 1.258925411794167282e+00 2.941951004289736460e+01
2.511886431509582053e+03 1.258925411794167282e+00 3.329776389181844820e+01
3.981071705534977355e+03 1.258925411794167282e+00 3.744110514363040920e+01
6.309573444801942969e+03 1.258925411794167282e+00 4.205360792799441327e+01
1.000000000000000000e+04 1.258925411794167282e+00 4.718647465660594520e+01
1.000000000000000021e-03 1.584893192461113598e+00 5.744387169992592750e-07
1.584893192461114082e-03 1.584893192461113598e+00 1.444597393688370625e-06
2.511886431509579437e-03 1.584893192461113598e+00 3.626734947215725497e-06
3.981071705534973415e-03 1.584893192461113598e+00 9.123548350933129007e-06
6.309573444801930275e-03 1.584893192461113598e+00 2.294858380151651304e-05
1.000000000000000021e-02 1.584893192461113598e+00 5.771177688610728147e-05
1.584893192461114125e-02 1.584893192461113598e+00 1.449033576284616939e-04
2.511886431509580825e-02 1.584893192461113598e+00 3.624532967052492309e-04
3.981071705534973415e-02 1.584893192461113598e+00 9.003582019029131994e-04
6.309573444801933051e-02 1.584893192461113598e+00 2.211568104158305806e-03
1.000000000000000056e-01 1.584893192461113598e+00 5.341059518617737728e-03
1.584893192461114264e-01 1.584893192461113598e+00 1.259280279541591385e-02
2.511886431509582351e-01 1.584893192461113598e+00 2.875345133821804317e-02
3.981071705534973137e-01 1.584893192461113598e+00 6.303682059750112532e-02
6.309573444801935826e-01 1.584893192461113598e+00 1.315380421487327423e-01
1.000000000000000000e+00 1.584893192461113598e+00 2.591952145498779836e-01
1.584893192461114042e+00 1.584893192461113598e+00 4.794646724703595653e-01
2.511886431509582351e+00 1.584893192461113598e+00 8.288762637889317553e-01
3.981071705534973137e+00 1.584893192461113598e+00 1.334056749457755542e+00
6.309573444801936049e+00 1.584893192461113598e+00 1.996596699211930170e+00
1.000000000000000000e+01 1.584893192461113598e+00 2.803097128810279060e+00
1.584893192461114175e+01 1.584893192461113598e+00 3.796914976169126543e+00
2.511886431509581996e+01 1.584893192461113598e+00 5.160213108509340785e+00
3.981071705534977667e+01 1.584893192461113598e+00 7.086195413720390412e+00
6.309573444801942799e+01 1.584893192461113598e+00 9.408479130924217060e+00
1.000000000000000000e+02 1.584893192461113598e+00 1.170444612651967198e+01
1.584893192461114211e+02 1.584893192461113598e+00 1.399786370031834437e+01
2.511886431509582280e+02 1.584893192461113598e+00 1.647920177320994739e+01
3.981071705534977241e+02 1.584893192461113598e+00 1.916121595018397983e+01
6.309573444801942514e+02 1.584893192461113598e+00 2.224626752081946535e+01
1.000000000000000000e+03 1.584893192461113598e+00 2.571384652292262984e+01
1.584893192461114040e+03 1.584893192461113598e+00 2.942017411588223652e+01
2.511886431509582053e+03 1.584893192461113598e+00 3.329713588174332273e+01
3.981071705534977355e+03 1.584893192461113598e+00 3.743946451882283810e+01
6.309573444801942969e+03 1.584893192461113598e+00 4.205309331926845573e+01
1.000000000000000000e+04 1.584893192461113598e+00 4.718401764705178891e+01
1.000000000000000021e-03 1.995262314968879735e+00 5.836540225496039917e-07
1.584893192461114082e-03 1.995262314968879735e+00 1.465749650732559945e-06
2.511886431509579437e-03 1.995262314968879735e+00 3.685087252637776008e-06
3.981071705534973415e-03 1.995262314968879735e+00 9.266760875329737646e-06
6.309573444801930275e-03 1.995262314968879735e+00 2.330187991100585312e-05
1.000000000000000021e-02 1.995262314968879735e+00 5.854298477423513559e-05
1.584893192461114125e-02 1.995262314968879735e+00 1.467534933773331112e-04
2.511886431509580825e-02 1.995262314968879735e+00 3.662756253180742298e-04
3.981071705534973415e-02 1.995262314968879735e+00 9.075799341847301614e-04
6.309573444801933051e-02 1.995262314968879735e+00 2.223530956449421871e-03
1.000000000000000056e-01 1.995262314968879735e+00 5.357308078727715181e-03
1.584893192461114264e-01 1.995262314968879735e+00 1.261001325089279937e-02
2.511886431509582351e-01 1.995262314968879735e+00 2.876963364399855519e-02
3.981071705534973137e-01 1.995262314968879735e+00 6.305478070235903676e-02
6.309573444801935826e-01 1.995262314968879735e+00 1.315499542843614200e-01
1.000000000000000000e+00 1.995262314968879735e+00 2.592017412479656335e-01
1.584893192461114042e+00 1.995262314968879735e+00 4.794759896218581119e-01
2.511886431509582351e+00 1.995262314968879735e+00 8.289160570051999910e-01
3.981071705534973137e+00 1.995262314968879735e+00 1.334174097823744853e+00
6.309573444801936049e+00 1.995262314968879735e+00 1.996914836209072730e+00
1.000000000000000000e+01 1.995262314968879735e+00 2.803834946273578321e+00
1.584893192461114175e+01 1.995262314968879735e+00 3.797708587305006045e+00
2.511886431509581996e+01 1.995262314968879735e+00 5.160481108244167281e+00
3.981071705534977667e+01 1.995262314968879735e+00 7.086956077004077592e+00
6.309573444801942799e+01 1.995262314968879735e+00 9.409496464022428341e+00
1.000000000000000000e+02 1.995262314968879735e+00 1.170529731815135399e+01
1.584893192461114211e+02 1.995262314968879735e+00 1.399890763822339679e+01
2.511886431509582280e+02 1.995262314968879735e+00 1.647963810431587461e+01
3.981071705534977241e+02 1.995262314968879735e+00 1.916180124118466921e+01
6.309573444801942514e+02 1.995262314968879735e+00 2.224665189498978535e+01
1.000000000000000000e+03 1.995262314968879735e+00 2.571402772769428680e+01
1.584893192461114040e+03 1.995262314968879735e+00 2.941998044668837409e+01
2.511886431509582053e+03 1.995262314968879735e+00 3.329662788353385849e+01
3.981071705534977355e+03 1.995262314968879735e+00 3.743930128532344526e+01
6.309573444801942969e+03 1.995262314968879735e+00 4.205236704337821152e+01
1.000000000000000000e+04 1.995262314968879735e+00 4.718292713522205872e+01
1.000000000000000021e-03 2.511886431509580131e+00 5.892040689819259567e-07
1.584893192461114082e-03 2.511886431509580131e+00 1.481702174268100947e-06
2.511886431509579437e-03 2.511886431509580131e+00 3.723618549076547285e-06
3.981071705534973415e-03 2.511886431509580131e+00 9.358022708935122486e-06
6.309573444801930275e-03 2.511886431509580131e+00 2.351989022497445552e-05
1.000000000000000021e-02 2.511886431509580131e+00 5.902856290310399607e-05
1.584893192461114125e-02 2.511886431509580131e+00 1.477569061522867504e-04
2.511886431509580825e-02 2.511886431509580131e+00 3.681848961700795756e-04
3.981071705534973415e-02 2.511886431509580131e+00 9.107634145832866268e-04
6.309573444801933051e-02 2.511886431509580131e+00 2.227876102832086324e-03
1.000000000000000056e-01 2.511886431509580131e+00 5.361916155988379756e-03
1.584893192461114264e-01 2.511886431509580131e+00 1.261430129892979028e-02
2.511886431509582351e-01 2.511886431509580131e+00 2.877425421157685584e-02
3.981071705534973137e-01 2.511886431509580131e+00 6.305771307729597652e-02
6.309573444801935826e-01 2.511886431509580131e+00 1.315513019554878094e-01
1.000000000000000000e+00 2.511886431509580131e+00 2.592041095318523558e-01
1.584893192461114042e+00 2.511886431509580131e+00 4.794858220202029009e-01
2.511886431509582351e+00 2.511886431509580131e+00 8.289466073422768755e-01
3.981071705534973137e+00 2.511886431509580131e+00 1.334258806855787460e+00
6.309573444801936049e+00 2.511886431509580131e+00 1.997115964809800914e+00
1.000000000000000000e+01 2.511886431509580131e+00 2.804054746091890760e+00
1.584893192461114175e+01 2.511886431509580131e+00 3.797779360391539072e+00
2.511886431509581996e+01 2.511886431509580131e+00 5.160686775320673547e+00
3.981071705534977667e+01 2.511886431509580131e+00 7.087235318415131324e+00
6.309573444801942799e+01 2.511886431509580131e+00 9.409727852440266105e+00
1.000000000000000000e+02 2.511886431509580131e+00 1.170558498295211791e+01
1.584893192461114211e+02 2.511886431509580131e+00 1.399902548275163916e+01
2.511886431509582280e+02 2.511886431509580131e+00 1.647979689109728341e+01
3.981071705534977241e+02 2.511886431509580131e+00 1.916190557807516015e+01
6.309573444801942514e+02 2.511886431509580131e+00 2.224670019559464151e+01
1.000000000000000000e+03 2.511886431509580131e+00 2.571397309451011282e+01
1.584893192461114040e+03 2.511886431509580131e+00 2.941983558359114070e+01
2.511886431509582053e+03 2.511886431509580131e+00 3.329658083155477755e+01
3.981071705534977355e+03 2.511886431509580131e+00 3.743909957401733379e+01
6.309573444801942969e+03 2.511886431509580131e+00 4.205206358028077318e+01
1.000000000000000000e+04 2.511886431509580131e+00 4.718249874290834356e+01
1.000000000000000021e-03 3.162277660168379523e+00 5.930131757742716695e-07
1.584893192461114082e-03 3.162277660168379523e+00 1.490682428770240276e-06
2.511886431509579437e-03 3.162277660168379523e+00 3.746994771141342759e-06
3.981071705534973415e-03 3.162277660168379523e+00 9.416510570678442456e-06
6.309573444801930275e-03 3.162277660168379523e+00 2.364317748979599332e-05
1.000000000000000021e-02 3.162277660168379523e+00 5.928599272609602860e-05
1.584893192461114125e-02 3.162277660168379523e+00 1.482528295368829810e-04
2.511886431509580825e-02 3.162277660168379523e+00 3.690150068973413575e-04
3.981071705534973415e-02 3.162277660168379523e+00 9.119004972853424554e-04
6.309573444801933051e-02 3.162277660168379523e+00 2.229082717282072565e-03
1.000000000000000056e-01 3.162277660168379523e+00 5.363028024856910519e-03
1.584893192461114264e-01 3.162277660168379523e+00 1.261548133804944738e-02
2.511886431509582351e-01 3.162277660168379523e+00 2.877497998420612893e-02
3.981071705534973137e-01 3.162277660168379523e+00 6.305799917542265209e-02
6.309573444801935826e-01 3.162277660168379523e+00 1.315517926414173644e-01
1.000000000000000000e+00 3.162277660168379523e+00 2.592065280837962393e-01
1.584893192461114042e+00 3.162277660168379523e+00 4.794936454776647095e-01
2.511886431509582351e+00 3.162277660168379523e+00 8.289686551154044070e-01
3.981071705534973137e+00 3.162277660168379523e+00 1.334312020545051825e+00
6.309573444801936049e+00 3.162277660168379523e+00 1.997174709615536559e+00
1.000000000000000000e+01 3.162277660168379523e+00 2.804073133161260500e+00
1.584893192461114175e+01 3.162277660168379523e+00 3.797833429863038734e+00
2.511886431509581996e+01 3.162277660168379523e+00 5.160760959661297775e+00
3.981071705534977667e+01 3.162277660168379523e+00 7.087296379080822994e+00
6.309573444801942799e+01 3.162277660168379523e+00 9.409804428850431890e+00
1.000000000000000000e+02 3.162277660168379523e+00 1.170561594262294669e+01
1.584893192461114211e+02 3.162277660168379523e+00 1.399906730335317029e+01
2.511886431509582280e+02 3.162277660168379523e+00 1.647982435153465275e+01
3.981071705534977241e+02 3.162277660168379523e+00 1.916191810500338732e+01
6.309573444801942514e+02 3.162277660168379523e+00 2.224668527504708493e+01
1.000000000000000000e+03 3.162277660168379523e+00 2.571393354961199407e+01
1.584893192461114040e+03 3.162277660168379523e+00 2.941982252587001057e+01
2.511886431509582053e+03 3.162277660168379523e+00 3.329652684375282234e+01
3.981071705534977355e+03 3.162277660168379523e+00 3.743901802243940580e+01
6.309573444801942969e+03 3.162277660168379523e+00 4.205194842142513068e+01
1.000000000000000000e+04 3.162277660168379523e+00 4.718241653147895676e+01
1.000000000000000021e-03 3.981071705534973137e+00 5.954334950100099222e-07
1.584893192461114082e-03 3.981071705534973137e+00 1.496318411092982990e-06
2.511886431509579437e-03 3.981071705534973137e+00 3.760360916940936421e-06
3.981071705534973415e-03 3.981071705534973137e+00 9.446617972735753865e-06
6.309573444801930275e-03 3.981071705534973137e+00 2.371014483633886042e-05
1.000000000000000021e-02 3.981071705534973137e+00 5.941327545015383780e-05
1.584893192461114125e-02 3.981071705534973137e+00 1.484628683065542919e-04
2.511886431509580825e-02 3.981071705534973137e+00 3.693019230533591641e-04
3.981071705534973415e-02 3.981071705534973137e+00 9.122043354203464554e-04
6.309573444801933051e-02 3.981071705534973137e+00 2.229355737941791579e-03
1.000000000000000056e-01 3.981071705534973137e+00 5.363326179669165687e-03
1.584893192461114264e-01 3.981071705534973137e+00 1.261566122387991658e-02
2.511886431509582351e-01 3.981071705534973137e+00 2.877504255428932345e-02
3.981071705534973137e-01 3.981071705534973137e+00 6.305809619355931539e-02
6.309573444801935826e-01 3.981071705534973137e+00 1.315524159766954526e-01
1.000000000000000000e+00 3.981071705534973137e+00 2.592085436657537989e-01
1.584893192461114042e+00 3.981071705534973137e+00 4.794993445791585485e-01
2.511886431509582351e+00 3.981071705534973137e+00 8.289824955947149299e-01
3.981071705534973137e+00 3.981071705534973137e+00 1.334327380203793156e+00
6.309573444801936049e+00 3.981071705534973137e+00 1.997179454459511838e+00
1.000000000000000000e+01 3.981071705534973137e+00 2.804087178578011486e+00
1.584893192461114175e+01 3.981071705534973137e+00 3.797852807589489732e+00
2.511886431509581996e+01 3.981071705534973137e+00 5.160776855281263842e+00
3.981071705534977667e+01 3.981071705534973137e+00 7.087316422706486208e+00
6.309573444801942799e+01 3.981071705534973137e+00 9.409812520226781274e+00
1.000000000000000000e+02 3.981071705534973137e+00 1.170562685552062376e+01
1.584893192461114211e+02 3.981071705534973137e+00 1.399907447126441973e+01
2.511886431509582280e+02 3.981071705534973137e+00 1.647982768450731328e+01
3.981071705534977241e+02 3.981071705534973137e+00 1.916191421552781904e+01
6.309573444801942514e+02 3.981071705534973137e+00 2.224667497782774817e+01
1.000000000000000000e+03 3.981071705534973137e+00 2.571393023810259848e+01
1.584893192461114040e+03 3.981071705534973137e+00 2.941980852711249383e+01
2.511886431509582053e+03 3.981071705534973137e+00 3.329650552006974351e+01
3.981071705534977355e+03 3.981071705534973137e+00 3.743898793040305151e+01
6.309573444801942969e+03 3.981071705534973137e+00 4.205192677740567575e+01
1.000000000000000000e+04 3.981071705534973137e+00 4.718243562263072732e+01
1.000000000000000021e-03 5.011872336272723771e+00 5.969923607264040061e-07
1.584893192461114082e-03 5.011872336272723771e+00 1.500148482449481999e-06
2.511886431509579437e-03 5.011872336272723771e+00 3.768895434823047290e-06
3.981071705534973415e-03 5.011872336272723771e+00 9.464214308643749036e-06
6.309573444801930275e-03 5.011872336272723771e+00 2.374369502255131102e-05
1.000000000000000021e-02 5.011872336272723771e+00 5.946943694245859693e-05
1.584893192461114125e-02 5.011872336272723771e+00 1.485410320889819975e-04
2.511886431509580825e-02 5.011872336272723771e+00 3.693871917925902111e-04
3.981071705534973415e-02 5.011872336272723771e+00 9.122825293592642590e-04
6.309573444801933051e-02 5.011872336272723771e+00 2.229442765053700828e-03
1.000000000000000056e-01 5.011872336272723771e+00 5.363373466768158251e-03
1.584893192461114264e-01 5.011872336272723771e+00 1.261567583549321088e-02
2.511886431509582351e-01 5.011872336272723771e+00 2.877506844062440242e-02
3.981071705534973137e-01 5.011872336272723771e+00 6.305826472218993561e-02
6.309573444801935826e-01 5.011872336272723771e+00 1.315529237839844767e-01
1.000000000000000000e+00 5.011872336272723771e+00 2.592099927450036700e-01
1.584893192461114042e+00 5.011872336272723771e+00 4.795028890933882293e-01
2.511886431509582351e+00 5.011872336272723771e+00 8.289864535980632221e-01
3.981071705534973137e+00 5.011872336272723771e+00 1.334328579832021466e+00
6.309573444801936049e+00 5.011872336272723771e+00 1.997183040994521930e+00
1.000000000000000000e+01 5.011872336272723771e+00 2.804092149140462009e+00
1.584893192461114175e+01 5.011872336272723771e+00 3.797856871569362358e+00
2.511886431509581996e+01 5.011872336272723771e+00 5.160782003591705802e+00
3.981071705534977667e+01 5.011872336272723771e+00 7.087318481727585606e+00
6.309573444801942799e+01 5.011872336272723771e+00 9.409815304983974116e+00
1.000000000000000000e+02 5.011872336272723771e+00 1.170562868918434773e+01
1.584893192461114211e+02 5.011872336272723771e+00 1.399907535193647590e+01
2.511886431509582280e+02 5.011872336272723771e+00 1.647982668237088788e+01
3.981071705534977241e+02 5.011872336272723771e+00 1.916191159959398504e+01
6.309573444801942514e+02 5.011872336272723771e+00 2.224667409578410116e+01
1.000000000000000000e+03 5.011872336272723771e+00 2.571392660915723027e+01
1.584893192461114040e+03 5.011872336272723771e+00 2.941980304759016462e+01
2.511886431509582053e+03 5.011872336272723771e+00 3.329649780195541098e+01
3.981071705534977355e+03 5.011872336272723771e+00 3.743898241095129720e+01
6.309573444801942969e+03 5.011872336272723771e+00 4.205193167951593125e+01
1.000000000000000000e+04 5.011872336272723771e+00 4.718242811057539399e+01
1.000000000000000021e-03 6.309573444801933384e+00 5.974275585556087265e-07
1.584893192461114082e-03 6.309573444801933384e+00 1.501164080495137404e-06
2.511886431509579437e-03 6.309573444801933384e+00 3.771150436654432673e-06
3.981071705534973415e-03 6.309573444801933384e+00 9.469686781684338622e-06
6.309573444801930275e-03 6.309573444801933384e+00 2.375235274842309795e-05
1.000000000000000021e-02 6.309573444801933384e+00 5.948299903758877784e-05
1.584893192461114125e-02 6.309573444801933384e+00 1.485539188824491329e-04
2.511886431509580825e-02 6.309573444801933384e+00 3.693961841822631623e-04
3.981071705534973415e-02 6.309573444801933384e+00 9.122856994900027964e-04
6.309573444801933051e-02 6.309573444801933384e+00 2.229435735170906888e-03
1.000000000000000056e-01 6.309573444801933384e+00 5.363353723098298644e-03
1.584893192461114264e-01 6.309573444801933384e+00 1.261565367392326539e-02
2.511886431509582351e-01 6.309573444801933384e+00 2.877507454913509274e-02
3.981071705534973137e-01 6.309573444801933384e+00 6.305835652790629797e-02
6.309573444801935826e-01 6.309573444801933384e+00 1.315532478963830632e-01
1.000000000000000000e+00 6.309573444801933384e+00 2.592108443976594567e-01
1.584893192461114042e+00 6.309573444801933384e+00 4.795038420776250865e-01
2.511886431509582351e+00 6.309573444801933384e+00 8.289866916341372960e-01
3.981071705534973137e+00 6.309573444801933384e+00 1.334329417941015450e+00
6.309573444801936049e+00 6.309573444801933384e+00 1.997184224803784547e+00
1.000000000000000000e+01 6.309573444801933384e+00 2.804093087353528357e+00
1.584893192461114175e+01 6.309573444801933384e+00 3.797858075820914170e+00
2.511886431509581996e+01 6.309573444801933384e+00 5.160782410262843456e+00
3.981071705534977667e+01 6.309573444801933384e+00 7.087319061392644670e+00
6.309573444801942799e+01 6.309573444801933384e+00 9.409815632305708277e+00
1.000000000000000000e+02 6.309573444801933384e+00 1.170562874513474760e+01
1.584893192461114211e+02 6.309573444801933384e+00 1.399907492108759577e+01
2.511886431509582280e+02 6.309573444801933384e+00 1.647982580789916796e+01
3.981071705534977241e+02 6.309573444801933384e+00 1.916191117820948975e+01
6.309573444801942514e+02 6.309573444801933384e+00 2.224667294689994534e+01
1.000000000000000000e+03 6.309573444801933384e+00 2.571392498648093294e+01
1.584893192461114040e+03 6.309573444801933384e+00 2.941980084250391414e+01
2.511886431509582053e+03 6.309573444801933384e+00 3.329649612769809863e+01
3.981071705534977355e+03 6.309573444801933384e+00 3.743898343744564983e+01
6.309573444801942969e+03 6.309573444801933384e+00 4.205192953298563907e+01
1.000000000000000000e+04 6.309573444801933384e+00 4.718242238594334026e+01
1.000000000000000021e-03 7.943282347242815788e+00 5.978046349645544220e-07
1.584893192461114082e-03 7.943282347242815788e+00 1.502044779463813742e-06
2.511886431509579437e-03 7.943282347242815788e+00 3.772947740822785650e-06
3.981071705534973415e-03 7.943282347242815788e+00 9.472100457352434930e-06
6.309573444801930275e-03 7.943282347242815788e+00 2.375673385379444469e-05
1.000000000000000021e-02 7.943282347242815788e+00 5.948650463577307551e-05
1.584893192461114125e-02 7.943282347242815788e+00 1.485570126626382253e-04
2.511886431509580825e-02 7.943282347242815788e+00 3.693965905051619920e-04
3.981071705534973415e-02 7.943282347242815788e+00 9.122838522773510763e-04
6.309573444801933051e-02 7.943282347242815788e+00 2.229430971532674749e-03
1.000000000000000056e-01 7.943282347242815788e+00 5.363349157054187258e-03
1.584893192461114264e-01 7.943282347242815788e+00 1.261565504112658123e-02
2.511886431509582351e-01 7.943282347242815788e+00 2.877509768438891308e-02
3.981071705534973137e-01 7.943282347242815788e+00 6.305843805048821915e-02
6.309573444801935826e-01 7.943282347242815788e+00 1.315534635556889487e-01
1.000000000000000000e+00 7.943282347242815788e+00 2.592110857901354093e-01
1.584893192461114042e+00 7.943282347242815788e+00 4.795039014596816918e-01
2.511886431509582351e+00 7.943282347242815788e+00 8.289869036771386757e-01
3.981071705534973137e+00 7.943282347242815788e+00 1.334329718011649124e+00
6.309573444801936049e+00 7.943282347242815788e+00 1.997184462612073164e+00
1.000000000000000000e+01 7.943282347242815788e+00 2.804093393081441121e+00
1.584893192461114175e+01 7.943282347242815788e+00 3.797858177734346974e+00
2.511886431509581996e+01 7.943282347242815788e+00 5.160782557414743010e+00
3.981071705534977667e+01 7.943282347242815788e+00 7.087319144272727023e+00
6.309573444801942799e+01 7.943282347242815788e+00 9.409815645749809221e+00
1.000000000000000000e+02 7.943282347242815788e+00 1.170562863424275868e+01
1.584893192461114211e+02 7.943282347242815788e+00 1.399907469986690955e+01
2.511886431509582280e+02 7.943282347242815788e+00 1.647982570050413642e+01
3.981071705534977241e+02 7.943282347242815788e+00 1.916191088653168961e+01
6.309573444801942514e+02 7.943282347242815788e+00 2.224667253589334592e+01
1.000000000000000000e+03 7.943282347242815788e+00 2.571392442865328221e+01
1.584893192461114040e+03 7.943282347242815788e+00 2.941980041471785867e+01
2.511886431509582053e+03 7.943282347242815788e+00 3.329649638792668753e+01
3.981071705534977355e+03 7.943282347242815788e+00 3.743898292312402987e+01
6.309573444801942969e+03 7.943282347242815788e+00 4.205192805297120628e+01
1.000000000000000000e+04 7.943282347242815788e+00 4.718242110766647812e+01
1.000000000000000021e-03 1.000000000000000000e+01 5.979870644136775642e-07
1.584893192461114082e-03 1.000000000000000000e+01 1.502323633429410200e-06
2.511886431509579437e-03 1.000000000000000000e+01 3.773556590549236533e-06
3.981071705534973415e-03 1.000000000000000000e+01 9.473395102137466698e-06
6.309573444801930275e-03 1.000000000000000000e+01 2.375763436734521677e-05
1.000000000000000021e-02 1.000000000000000000e+01 5.948716044935342391e-05
1.584893192461114125e-02 1.000000000000000000e+01 1.485570019791331736e-04
2.511886431509580825e-02 1.000000000000000000e+01 3.693961421426111293e-04
3.981071705534973415e-02 1.000000000000000000e+01 9.122825911461561596e-04
6.309573444801933051e-02 1.000000000000000000e+01 2.229429304143108921e-03
1.000000000000000056e-01 1.000000000000000000e+01 5.363348884461001387e-03
1.584893192461114264e-01 1.000000000000000000e+01 1.261566074759075395e-02
2.511886431509582351e-01 1.000000000000000000e+01 2.877511808916213484e-02
3.981071705534973137e-01 1.000000000000000000e+01 6.305849208278385687e-02
6.309573444801935826e-01 1.000000000000000000e+01 1.315535243183927061e-01
1.000000000000000000e+00 1.000000000000000000e+01 2.592111003769924094e-01
1.584893192461114042e+00 1.000000000000000000e+01 4.795039547678895953e-01
2.511886431509582351e+00 1.000000000000000000e+01 8.289869793425627131e-01
3.981071705534973137e+00 1.000000000000000000e+01 1.334329777864400768e+00
6.309573444801936049e+00 1.000000000000000000e+01 1.997184539773340761e+00
1.000000000000000000e+01 1.000000000000000000e+01 2.804093419198099735e+00
1.584893192461114175e+01 1.000000000000000000e+01 3.797858215454221309e+00
2.511886431509581996e+01 1.000000000000000000e+01 5.160782578604947268e+00
3.981071705534977667e+01 1.000000000000000000e+01 7.087319148260823098e+00
6.309573444801942799e+01 1.000000000000000000e+01 9.409815618872810816e+00
1.000000000000000000e+02 1.000000000000000000e+01 1.170562858141826545e+01
1.584893192461114211e+02 1.000000000000000000e+01 1.399907467406517014e+01
2.511886431509582280e+02 1.000000000000000000e+01 1.647982562623024094e+01
3.981071705534977241e+02 1.000000000000000000e+01 1.916191078212860788e+01
6.309573444801942514e+02 1.000000000000000000e+01 2.224667239750257153e+01
1.000000000000000000e+03 1.000000000000000000e+01 2.571392432256283556e+01
1.584893192461114040e+03 1.000000000000000000e+01 2.941980048662701108e+01
2.511886431509582053e+03 1.000000000000000000e+01 3.329649625547874336e+01
3.981071705534977355e+03 1.000000000000000000e+01 3.743898252409375971e+01
6.309573444801942969e+03 1.000000000000000000e+01 4.205192770689266979e+01
1.000000000000000000e+04 1.000000000000000000e+01 4.718242078398657213e+01
1.000000000000000021e-03 1.258925411794167459e+01 5.980300230933471531e-07
1.584893192461114082e-03 1.258925411794167459e+01 1.502540442947458624e-06
2.511886431509579437e-03 1.258925411794167459e+01 3.773775158491055565e-06
3.981071705534973415e-03 1.258925411794167459e+01 9.473434242663749546e-06
6.309573444801930275e-03 1.258925411794167459e+01 2.375781066346001515e-05
1.000000000000000021e-02 1.258925411794167459e+01 5.948722942716587231e-05
1.584893192461114125e-02 1.258925411794167459e+01 1.485569355727190603e-04
2.511886431509580825e-02 1.258925411794167459e+01 3.693958465897213502e-04
3.981071705534973415e-02 1.258925411794167459e+01 9.122821805734149898e-04
6.309573444801933051e-02 1.258925411794167459e+01 2.229429106949023208e-03
1.000000000000000056e-01 1.258925411794167459e+01 5.363349799551135264e-03
1.584893192461114264e-01 1.258925411794167459e+01 1.261566579179625343e-02
2.511886431509582351e-01 1.258925411794167459e+01 2.877513157947398856e-02
3.981071705534973137e-01 1.258925411794167459e+01 6.305850685832545266e-02
6.309573444801935826e-01 1.258925411794167459e+01 1.315535277267201597e-01
1.000000000000000000e+00 1.258925411794167459e+01 2.592111133249784816e-01
1.584893192461114042e+00 1.258925411794167459e+01 4.795039735211149567e-01
2.511886431509582351e+00 1.258925411794167459e+01 8.289869942530244673e-01
3.981071705534973137e+00 1.258925411794167459e+01 1.334329797005348039e+00
6.309573444801936049e+00 1.258925411794167459e+01 1.997184546283189199e+00
1.000000000000000000e+01 1.258925411794167459e+01 2.804093428606747374e+00
1.584893192461114175e+01 1.258925411794167459e+01 3.797858220953489017e+00
2.511886431509581996e+01 1.258925411794167459e+01 5.160782579719931817e+00
3.981071705534977667e+01 1.258925411794167459e+01 7.087319141621281737e+00
6.309573444801942799e+01 1.258925411794167459e+01 9.409815606932465215e+00
1.000000000000000000e+02 1.258925411794167459e+01 1.170562857498603648e+01
1.584893192461114211e+02 1.258925411794167459e+01 1.399907465686851538e+01
2.511886431509582280e+02 1.258925411794167459e+01 1.647982560039528011e+01
3.981071705534977241e+02 1.258925411794167459e+01 1.916191074671748140e+01
6.309573444801942514e+02 1.258925411794167459e+01 2.224667237351315308e+01
1.000000000000000000e+03 1.258925411794167459e+01 2.571392434197781540e+01
1.584893192461114040e+03 1.258925411794167459e+01 2.941980045415932565e+01
2.511886431509582053e+03 1.258925411794167459e+01 3.329649616320648420e+01
3.981071705534977355e+03 1.258925411794167459e+01 3.743898245211812537e+01
6.309573444801942969e+03 1.258925411794167459e+01 4.205192763491703545e+01
1.000000000000000000e+04 1.258925411794167459e+01 4.718242070556858181e+01
1.000000000000000021e-03 1.584893192461114175e+01 5.980739547132834846e-07
1.584893192461114082e-03 1.584893192461114175e+01 1.502560945527911712e-06
2.511886431509579437e-03 1.584893192461114175e+01 3.773835737173918433e-06
3.981071705534973415e-03 1.584893192461114175e+01 9.473473471221677017e-06
6.309573444801930275e-03 1.584893192461114175e+01 2.375783111676841431e-05
1.000000000000000021e-02 1.584893192461114175e+01 5.948721522367489563e-05
1.584893192461114125e-02 1.584893192461114175e+01 1.485568597721052277e-04
2.511886431509580825e-02 1.584893192461114175e+01 3.693957329000572220e-04
3.981071705534973415e-02 1.584893192461114175e+01 9.122821154183359581e-04
6.309573444801933051e-02 1.584893192461114175e+01 2.229429191508218791e-03
1.000000000000000056e-01 1.584893192461114175e+01 5.363350564778886220e-03
1.584893192461114264e-01 1.584893192461114175e+01 1.261566908440327900e-02
2.511886431509582351e-01 1.584893192461114175e+01 2.877513533647561503e-02
3.981071705534973137e-01 1.584893192461114175e+01 6.305850729093105678e-02
6.309573444801935826e-01 1.584893192461114175e+01 1.315535306979705443e-01
1.000000000000000000e+00 1.584893192461114175e+01 2.592111176092986025e-01
1.584893192461114042e+00 1.584893192461114175e+01 4.795039770697800963e-01
2.511886431509582351e+00 1.584893192461114175e+01 8.289869990278411205e-01
3.981071705534973137e+00 1.584893192461114175e+01 1.334329798479123363e+00
6.309573444801936049e+00 1.584893192461114175e+01 1.997184548581856012e+00
1.000000000000000000e+01 1.584893192461114175e+01 2.804093430044153124e+00
1.584893192461114175e+01 1.584893192461114175e+01 3.797858221605391549e+00
2.511886431509581996e+01 1.584893192461114175e+01 5.160782578233485296e+00
3.981071705534977667e+01 1.584893192461114175e+01 7.087319138383763928e+00
6.309573444801942799e+01 1.584893192461114175e+01 9.409815604248889187e+00
1.000000000000000000e+02 1.584893192461114175e+01 1.170562857127317002e+01
1.584893192461114211e+02 1.584893192461114175e+01 1.399907465127740025e+01
2.511886431509582280e+02 1.584893192461114175e+01 1.647982559121362911e+01
3.981071705534977241e+02 1.584893192461114175e+01 1.916191073969111969e+01
6.309573444801942514e+02 1.584893192461114175e+01 2.224667238021277527e+01
1.000000000000000000e+03 1.584893192461114175e+01 2.571392433588761506e+01
1.584893192461114040e+03 1.584893192461114175e+01 2.941980043326135785e+01
2.511886431509582053e+03 1.584893192461114175e+01 3.329649614459215456e+01
3.981071705534977355e+03 1.584893192461114175e+01 3.743898243374191281e+01
6.309573444801942969e+03 1.584893192461114175e+01 4.205192761654083000e+01
1.000000000000000000e+04 1.584893192461114175e+01 4.718242068713917803e+01
1.000000000000000021e-03 1.995262314968879735e+01 5.980812825393951446e-07
1.584893192461114082e-03 1.995262314968879735e+01 1.502572668967874880e-06
2.511886431509579437e-03 1.995262314968879735e+01 3.773840304287164353e-06
3.981071705534973415e-03 1.995262314968879735e+01 9.473479938377929880e-06
6.309573444801930275e-03 1.995262314968879735e+01 2.375783090769289347e-05
1.000000000000000021e-02 1.995262314968879735e+01 5.948720734944469709e-05
1.584893192461114125e-02 1.995262314968879735e+01 1.485568460717638292e-04
2.511886431509580825e-02 1.995262314968879735e+01 3.693957147585030451e-04
3.981071705534973415e-02 1.995262314968879735e+01 9.122821203510882984e-04
6.309573444801933051e-02 1.995262314968879735e+01 2.229429231810456900e-03
1.000000000000000056e-01 1.995262314968879735e+01 5.363350929107413637e-03
1.584893192461114264e-01 1.995262314968879735e+01 1.261566988846502500e-02
2.511886431509582351e-01 1.995262314968879735e+01 2.877513537948485009e-02
3.981071705534973137e-01 1.995262314968879735e+01 6.305850756323166939e-02
6.309573444801935826e-01 1.995262314968879735e+01 1.315535314827035174e-01
1.000000000000000000e+00 1.995262314968879735e+01 2.592111179892980788e-01
1.584893192461114042e+00 1.995262314968879735e+01 4.795039779850739370e-01
2.511886431509582351e+00 1.995262314968879735e+01 8.289869992418733569e-01
3.981071705534973137e+00 1.995262314968879735e+01 1.334329798827112112e+00
6.309573444801936049e+00 1.995262314968879735e+01 1.997184548857759756e+00
1.000000000000000000e+01 1.995262314968879735e+01 2.804093430175384150e+00
1.584893192461114175e+01 1.995262314968879735e+01 3.797858221578010340e+00
2.511886431509581996e+01 1.995262314968879735e+01 5.160782577592172515e+00
3.981071705534977667e+01 1.995262314968879735e+01 7.087319138294031262e+00
6.309573444801942799e+01 1.995262314968879735e+01 9.409815603810502083e+00
1.000000000000000000e+02 1.995262314968879735e+01 1.170562857047645622e+01
1.584893192461114211e+02 1.995262314968879735e+01 1.399907465012467611e+01
2.511886431509582280e+02 1.995262314968879735e+01 1.647982558934653596e+01
3.981071705534977241e+02 1.995262314968879735e+01 1.916191074067210920e+01
6.309573444801942514e+02 1.995262314968879735e+01 2.224667238061362085e+01
1.000000000000000000e+03 1.995262314968879735e+01 2.571392433242946041e+01
1.584893192461114040e+03 1.995262314968879735e+01 2.941980043046118354e+01
2.511886431509582053e+03 1.995262314968879735e+01 3.329649614167659877e+01
3.981071705534977355e+03 1.995262314968879735e+01 3.743898243077758536e+01
6.309573444801942969e+03 1.995262314968879735e+01 4.205192761357649545e+01
1.000000000000000000e+04 1.995262314968879735e+01 4.718242068433900016e+01
1.000000000000000021e-03 2.511886431509580930e+01 5.980812825393951446e-07
1.584893192461114082e-03 2.511886431509580930e+01 1.502572668967874880e-06
2.511886431509579437e-03 2.511886431509580930e+01 3.773840304287164353e-06
3.981071705534973415e-03 2.511886431509580930e+01 9.473479938377929880e-06
6.309573444801930275e-03 2.511886431509580930e+01 2.375783090769289347e-05
1.000000000000000021e-02 2.511886431509580930e+01 5.948720734944469709e-05
1.584893192461114125e-02 2.511886431509580930e+01 1.485568460717638292e-04
2.511886431509580825e-02 2.511886431509580930e+01 3.693957147585030451e-04
3.981071705534973415e-02 2.511886431509580930e+01 9.122821203510882984e-04
6.309573444801933051e-02 2.511886431509580930e+01 2.229429231810456900e-03
1.000000000000000056e-01 2.511886431509580930e+01 5.363350929107413637e-03
1.584893192461114264e-01 2.511886431509580930e+01 1.261566988850757777e-02
2.511886431509582351e-01 2.511886431509580930e+01 2.877513537948485009e-02
3.981071705534973137e-01 2.511886431509580930e+01 6.305850756323166939e-02
6.309573444801935826e-01 2.511886431509580930e+01 1.315535314827035174e-01
1.000000000000000000e+00 2.511886431509580930e+01 2.592111179892980788e-01
1.584893192461114042e+00 2.511886431509580930e+01 4.795039779850739370e-01
2.511886431509582351e+00 2.511886431509580930e+01 8.289869992418733569e-01
3.981071705534973137e+00 2.511886431509580930e+01 1.334329798827112112e+00
6.309573444801936049e+00 2.511886431509580930e+01 1.997184548857759756e+00
1.000000000000000000e+01 2.511886431509580930e+01 2.804093430175384150e+00
1.584893192461114175e+01 2.511886431509580930e+01 3.797858221578010340e+00
2.511886431509581996e+01 2.511886431509580930e+01 5.160782577592172515e+00
3.981071705534977667e+01 2.511886431509580930e+01 7.087319138294031262e+00
6.309573444801942799e+01 2.511886431509580930e+01 9.409815603810502083e+00
1.000000000000000000e+02 2.511886431509580930e+01 1.170562857047645622e+01
1.584893192461114211e+02 2.511886431509580930e+01 1.399907465012467611e+01
2.511886431509582280e+02 2.511886431509580930e+01 1.647982558934653596e+01
3.981071705534977241e+02 2.511886431509580930e+01 1.916191074067210920e+01
6.309573444801942514e+02 2.511886431509580930e+01 2.224667238061362085e+01
1.000000000000000000e+03 2.511886431509580930e+01 2.571392433242946041e+01
1.584893192461114040e+03 2.511886431509580930e+01 2.941980043046118354e+01
2.511886431509582053e+03 2.511886431509580930e+01 3.329649614167659877e+01
3.981071705534977355e+03 2.511886431509580930e+01 3.743898243077758536e+01
6.309573444801942969e+03 2.511886431509580930e+01 4.205192761357649545e+01
1.000000000000000000e+04 2.511886431509580930e+01 4.718242068433900016e+01
1.000000000000000021e-03 3.162277660168379256e+01 5.980812825393951446e-07
1.584893192461114082e-03 3.162277660168379256e+01 1.502572668967874880e-06
2.511886431509579437e-03 3.162277660168379256e+01 3.773840304287164353e-06
3.981071705534973415e-03 3.162277660168379256e+01 9.473479938377929880e-06
6.309573444801930275e-03 3.162277660168379256e+01 2.375783090769289347e-05
1.000000000000000021e-02 3.162277660168379256e+01 5.948720734944469709e-05
1.584893192461114125e-02 3.162277660168379256e+01 1.485568460717638292e-04
2.511886431509580825e-02 3.162277660168379256e+01 3.693957147585030451e-04
3.981071705534973415e-02 3.162277660168379256e+01 9.122821203510882984e-04
6.309573444801933051e-02 3.162277660168379256e+01 2.229429231810456900e-03
1.000000000000000056e-01 3.162277660168379256e+01 5.363350929107413637e-03
1.584893192461114264e-01 3.162277660168379256e+01 1.261566988850757777e-02
2.511886431509582351e-01 3.162277660168379256e+01 2.877513537948485009e-02
3.981071705534973137e-01 3.162277660168379256e+01 6.305850756323166939e-02
6.309573444801935826e-01 3.162277660168379256e+01 1.315535314827035174e-01
1.000000000000000000e+00 3.162277660168379256e+01 2.592111179892980788e-01
1.584893192461114042e+00 3.162277660168379256e+01 4.795039779850739370e-01
2.511886431509582351e+00 3.162277660168379256e+01 8.289869992418733569e-01
3.981071705534973137e+00 3.162277660168379256e+01 1.334329798827112112e+00
6.309573444801936049e+00 3.162277660168379256e+01 1.997184548857759756e+00
1.000000000000000000e+01 3.162277660168379256e+01 2.804093430175384150e+00
1.584893192461114175e+01 3.162277660168379256e+01 3.797858221578010340e+00
2.511886431509581996e+01 3.162277660168379256e+01 5.160782577592172515e+00
3.981071705534977667e+01 3.162277660168379256e+01 7.087319138294031262e+00
6.309573444801942799e+01 3.162277660168379256e+01 9.409815603810502083e+00
1.000000000000000000e+02 3.162277660168379256e+01 1.170562857047645622e+01
1.584893192461114211e+02 3.162277660168379256e+01 1.399907465012467611e+01
2.511886431509582280e+02 3.162277660168379256e+01 1.647982558934653596e+01
3.981071705534977241e+02 3.162277660168379256e+01 1.916191074067210920e+01
6.309573444801942514e+02 3.162277660168379256e+01 2.224667238061362085e+01
1.000000000000000000e+03 3.162277660168379256e+01 2.571392433242946041e+01
1.584893192461114040e+03 3.162277660168379256e+01 2.941980043046118354e+01
2.511886431509582053e+03 3.162277660168379256e+01 3.329649614167659877e+01
3.981071705534977355e+03 3.162277660168379256e+01 3.743898243077758536e+01
6.309573444801942969e+03 3.162277660168379256e+01 4.205192761357649545e+01
1.000000000000000000e+04 3.162277660168379256e+01 4.718242068433900016e+01
1.000000000000000021e-03 3.981071705534973404e+01 5.980812825393951446e-07
1.584893192461114082e-03 3.981071705534973404e+01 1.502572668967874880e-06
2.511886431509579437e-03 3.981071705534973404e+01 3.773840304287164353e-06
3.981071705534973415e-03 3.981071705534973404e+01 9.473479938377929880e-06
6.309573444801930275e-03 3.981071705534973404e+01 2.375783090769289347e-05
1.000000000000000021e-02 3.981071705534973404e+01 5.948720734944469709e-05
1.584893192461114125e-02 3.981071705534973404e+01 1.485568460717638292e-04
2.511886431509580825e-02 3.981071705534973404e+01 3.693957147585030451e-04
3.981071705534973415e-02 3.981071705534973404e+01 9.122821203510882984e-04
6.309573444801933051e-02 3.981071705534973404e+01 2.229429231810456900e-03
1.000000000000000056e-01 3.981071705534973404e+01 5.363350929107413637e-03
1.584893192461114264e-01 3.981071705534973404e+01 1.261566988850757777e-02
2.511886431509582351e-01 3.981071705534973404e+01 2.877513537948485009e-02
3.981071705534973137e-01 3.981071705534973404e+01 6.305850756323166939e-02
6.309573444801935826e-01 3.981071705534973404e+01 1.315535314827035174e-01
1.000000000000000000e+00 3.981071705534973404e+01 2.592111179892980788e-01
1.584893192461114042e+00 3.981071705534973404e+01 4.795039779850739370e-01
2.511886431509582351e+00 3.981071705534973404e+01 8.289869992418733569e-01
3.981071705534973137e+00 3.981071705534973404e+01 1.334329798827112112e+00
6.309573444801936049e+00 3.981071705534973404e+01 1.997184548857759756e+00
1.000000000000000000e+01 3.981071705534973404e+01 2.804093430175384150e+00
1.584893192461114175e+01 3.981071705534973404e+01 3.797858221578010340e+00
2.511886431509581996e+01 3.981071705534973404e+01 5.160782577592172515e+00
3.981071705534977667e+01 3.981071705534973404e+01 7.087319138294031262e+00
6.309573444801942799e+01 3.981071705534973404e+01 9.409815603810502083e+00
1.000000000000000000e+02 3.981071705534973404e+01 1.170562857047645622e+01
1.584893192461114211e+02 3.981071705534973404e+01 1.399907465012467611e+01
2.511886431509582280e+02 3.981071705534973404e+01 1.647982558934653596e+01
3.981071705534977241e+02 3.981071705534973404e+01 1.916191074067210920e+01
6.309573444801942514e+02 3.981071705534973404e+01 2.224667238061362085e+01
1.000000000000000000e+03 3.981071705534973404e+01 2.571392433242946041e+01
1.584893192461114040e+03 3.981071705534973404e+01 2.941980043046118354e+01
2.511886431509582053e+03 3.981071705534973404e+01 3.329649614167659877e+01
3.981071705534977355e+03 3.981071705534973404e+01 3.743898243077758536e+01
6.309573444801942969e+03 3.981071705534973404e+01 4.205192761357649545e+01
1.000000000000000000e+04 3.981071705534973404e+01 4.718242068433900016e+01
1.000000000000000021e-03 5.011872336272725192e+01 5.980812825393951446e-07
1.584893192461114082e-03 5.011872336272725192e+01 1.502572668967874880e-06
2.511886431509579437e-03 5.011872336272725192e+01 3.773840304287164353e-06
3.981071705534973415e-03 5.011872336272725192e+01 9.473479938377929880e-06
6.309573444801930275e-03 5.011872336272725192e+01 2.375783090769289347e-05
1.000000000000000021e-02 5.011872336272725192e+01 5.948720734944469709e-05
1.584893192461114125e-02 5.011872336272725192e+01 1.485568460717638292e-04
2.511886431509580825e-02 5.011872336272725192e+01 3.693957147585030451e-04
3.981071705534973415e-02 5.011872336272725192e+01 9.122821203510882984e-04
6.309573444801933051e-02 5.011872336272725192e+01 2.229429231810456900e-03
1.000000000000000056e-01 5.011872336272725192e+01 5.363350929107413637e-03
1.584893192461114264e-01 5.011872336272725192e+01 1.261566988850757777e-02
2.511886431509582351e-01 5.011872336272725192e+01 2.877513537948485009e-02
3.981071705534973137e-01 5.011872336272725192e+01 6.305850756323166939e-02
6.309573444801935826e-01 5.011872336272725192e+01 1.315535314827035174e-01
1.000000000000000000e+00 5.011872336272725192e+01 2.592111179892980788e-01
1.584893192461114042e+00 5.011872336272725192e+01 4.795039779850739370e-01
2.511886431509582351e+00 5.011872336272725192e+01 8.289869992418733569e-01
3.981071705534973137e+00 5.011872336272725192e+01 1.334329798827112112e+00
6.309573444801936049e+00 5.011872336272725192e+01 1.997184548857759756e+00
1.000000000000000000e+01 5.011872336272725192e+01 2.804093430175384150e+00
1.584893192461114175e+01 5.011872336272725192e+01 3.797858221578010340e+00
2.511886431509581996e+01 5.011872336272725192e+01 5.160782577592172515e+00
3.981071705534977667e+01 5.011872336272725192e+01 7.087319138294031262e+00
6.309573444801942799e+01 5.011872336272725192e+01 9.409815603810502083e+00
1.000000000000000000e+02 5.011872336272725192e+01 1.170562857047645622e+01
1.584893192461114211e+02 5.011872336272725192e+01 1.399907465012467611e+01
2.511886431509582280e+02 5.011872336272725192e+01 1.647982558934653596e+01
3.981071705534977241e+02 5.011872336272725192e+01 1.916191074067210920e+01
6.309573444801942514e+02 5.011872336272725192e+01 2.224667238061362085e+01
1.000000000000000000e+03 5.011872336272725192e+01 2.571392433242946041e+01
1.584893192461114040e+03 5.011872336272725192e+01 2.941980043046118354e+01
2.511886431509582053e+03 5.011872336272725192e+01 3.329649614167659877e+01
3.981071705534977355e+03 5.011872336272725192e+01 3.743898243077758536e+01
6.309573444801942969e+03 5.011872336272725192e+01 4.205192761357649545e+01
1.000000000000000000e+04 5.011872336272725192e+01 4.718242068433900016e+01
1.000000000000000021e-03 6.309573444801932851e+01 5.980812825393951446e-07
1.584893192461114082e-03 6.309573444801932851e+01 1.502572668967874880e-06
2.511886431509579437e-03 6.309573444801932851e+01 3.773840304287164353e-06
3.981071705534973415e-03 6.309573444801932851e+01 9.473479938377929880e-06
6.309573444801930275e-03 6.309573444801932851e+01 2.375783090769289347e-05
1.000000000000000021e-02 6.309573444801932851e+01 5.948720734944469709e-05
1.584893192461114125e-02 6.309573444801932851e+01 1.485568460717638292e-04
2.511886431509580825e-02 6.309573444801932851e+01 3.693957147585030451e-04
3.981071705534973415e-02 6.309573444801932851e+01 9.122821203510882984e-04
6.309573444801933051e-02 6.309573444801932851e+01 2.229429231810456900e-03
1.000000000000000056e-01 6.309573444801932851e+01 5.363350929107413637e-03
1.584893192461114264e-01 6.309573444801932851e+01 1.261566988850757777e-02
2.511886431509582351e-01 6.309573444801932851e+01 2.877513537948485009e-02
3.981071705534973137e-01 6.309573444801932851e+01 6.305850756323166939e-02
6.309573444801935826e-01 6.309573444801932851e+01 1.315535314827035174e-01
1.000000000000000000e+00 6.309573444801932851e+01 2.592111179892980788e-01
1.584893192461114042e+00 6.309573444801932851e+01 4.795039779850739370e-01
2.511886431509582351e+00 6.309573444801932851e+01 8.289869992418733569e-01
3.981071705534973137e+00 6.309573444801932851e+01 1.334329798827112112e+00
6.309573444801936049e+00 6.309573444801932851e+01 1.997184548857759756e+00
1.000000000000000000e+01 6.309573444801932851e+01 2.804093430175384150e+00
1.584893192461114175e+01 6.309573444801932851e+01 3.797858221578010340e+00
2.511886431509581996e+01 6.309573444801932851e+01 5.160782577592172515e+00
3.981071705534977667e+01 6.309573444801932851e+01 7.087319138294031262e+00
6.309573444801942799e+01 6.309573444801932851e+01 9.409815603810502083e+00
1.000000000000000000e+02 6.309573444801932851e+01 1.170562857047645622e+01
1.584893192461114211e+02 6.309573444801932851e+01 1.399907465012467611e+01
2.511886431509582280e+02 6.309573444801932851e+01 1.647982558934653596e+01
3.981071705534977241e+02 6.309573444801932851e+01 1.916191074067210920e+01
6.309573444801942514e+02 6.309573444801932851e+01 2.224667238061362085e+01
1.000000000000000000e+03 6.309573444801932851e+01 2.571392433242946041e+01
1.584893192461114040e+03 6.309573444801932851e+01 2.941980043046118354e+01
2.511886431509582053e+03 6.309573444801932851e+01 3.329649614167659877e+01
3.981071705534977355e+03 6.309573444801932851e+01 3.743898243077758536e+01
6.309573444801942969e+03 6.309573444801932851e+01 4.205192761357649545e+01
1.000000000000000000e+04 6.309573444801932851e+01 4.718242068433900016e+01
1.000000000000000021e-03 7.943282347242816854e+01 5.980812825393951446e-07
1.584893192461114082e-03 7.943282347242816854e+01 1.502572668967874880e-06
2.511886431509579437e-03 7.943282347242816854e+01 3.773840304287164353e-06
3.981071705534973415e-03 7.943282347242816854e+01 9.473479938377929880e-06
6.309573444801930275e-03 7.943282347242816854e+01 2.375783090769289347e-05
1.000000000000000021e-02 7.943282347242816854e+01 5.948720734944469709e-05
1.584893192461114125e-02 7.943282347242816854e+01 1.485568460717638292e-04
2.511886431509580825e-02 7.943282347242816854e+01 3.693957147585030451e-04
3.981071705534973415e-02 7.943282347242816854e+01 9.122821203510882984e-04
6.309573444801933051e-02 7.943282347242816854e+01 2.229429231810456900e-03
1.000000000000000056e-01 7.943282347242816854e+01 5.363350929107413637e-03
1.584893192461114264e-01 7.943282347242816854e+01 1.261566988850757777e-02
2.511886431509582351e-01 7.943282347242816854e+01 2.877513537948485009e-02
3.981071705534973137e-01 7.943282347242816854e+01 6.305850756323166939e-02
6.309573444801935826e-01 7.943282347242816854e+01 1.315535314827035174e-01
1.000000000000000000e+00 7.943282347242816854e+01 2.592111179892980788e-01
1.584893192461114042e+00 7.943282347242816854e+01 4.795039779850739370e-01
2.511886431509582351e+00 7.943282347242816854e+01 8.289869992418733569e-01
3.981071705534973137e+00 7.943282347242816854e+01 1.334329798827112112e+00
6.309573444801936049e+00 7.943282347242816854e+01 1.997184548857759756e+00
1.000000000000000000e+01 7.943282347242816854e+01 2.804093430175384150e+00
1.584893192461114175e+01 7.943282347242816854e+01 3.797858221578010340e+00
2.511886431509581996e+01 7.943282347242816854e+01 5.160782577592172515e+00
3.981071705534977667e+01 7.943282347242816854e+01 7.087319138294031262e+00
6.309573444801942799e+01 7.943282347242816854e+01 9.409815603810502083e+00
1.000000000000000000e+02 7.943282347242816854e+01 1.170562857047645622e+01
1.584893192461114211e+02 7.943282347242816854e+01 1.399907465012467611e+01
2.511886431509582280e+02 7.943282347242816854e+01 1.647982558934653596e+01
3.981071705534977241e+02 7.943282347242816854e+01 1.916191074067210920e+01
6.309573444801942514e+02 7.943282347242816854e+01 2.224667238061362085e+01
1.000000000000000000e+03 7.943282347242816854e+01 2.571392433242946041e+01
1.584893192461114040e+03 7.943282347242816854e+01 2.941980043046118354e+01
2.511886431509582053e+03 7.943282347242816854e+01 3.329649614167659877e+01
3.981071705534977355e+03 7.943282347242816854e+01 3.743898243077758536e+01
6.309573444801942969e+03 7.943282347242816854e+01 4.205192761357649545e+01
1.000000000000000000e+04 7.943282347242816854e+01 4.718242068433900016e+01
1.000000000000000021e-03 1.000000000000000000e+02 5.980812825393951446e-07
1.584893192461114082e-03 1.000000000000000000e+02 1.502572668967874880e-06
2.511886431509579437e-03 1.000000000000000000e+02 3.773840304287164353e-06
3.981071705534973415e-03 1.000000000000000000e+02 9.473479938377929880e-06
6.309573444801930275e-03 1.000000000000000000e+02 2.375783090769289347e-05
1.000000000000000021e-02 1.000000000000000000e+02 5.948720734944469709e-05
1.584893192461114125e-02 1.000000000000000000e+02 1.485568460717638292e-04
2.511886431509580825e-02 1.000000000000000000e+02 3.693957147585030451e-04
3.981071705534973415e-02 1.000000000000000000e+02 9.122821203510882984e-04
6.309573444801933051e-02 1.000000000000000000e+02 2.229429231810456900e-03
1.000000000000000056e-01 1.000000000000000000e+02 5.363350929107413637e-03
1.584893192461114264e-01 1.000000000000000000e+02 1.261566988850757777e-02
2.511886431509582351e-01 1.000000000000000000e+02 2.877513537948485009e-02
3.981071705534973137e-01 1.000000000000000000e+02 6.305850756323166939e-02
6.309573444801935826e-01 1.000000000000000000e+02 1.315535314827035174e-01
1.000000000000000000e+00 1.000000000000000000e+02 2.592111179892980788e-01
1.584893192461114042e+00 1.000000000000000000e+02 4.795039779850739370e-01
2.511886431509582351e+00 1.000000000000000000e+02 8.289869992418733569e-01
3.981071705534973137e+00 1.000000000000000000e+02 1.334329798827112112e+00
6.309573444801936049e+00 1.000000000000000000e+02 1.997184548857759756e+00
1.000000000000000000e+01 1.000000000000000000e+02 2.804093430175384150e+00
1.584893192461114175e+01 1.000000000000000000e+02 3.797858221578010340e+00
2.511886431509581996e+01 1.000000000000000000e+02 5.160782577592172515e+00
3.981071705534977667e+01 1.000000000000000000e+02 7.087319138294031262e+00
6.309573444801942799e+01 1.000000000000000000e+02 9.409815603810502083e+00
1.000000000000000000e+02 1.000000000000000000e+02 1.170562857047645622e+01
1.584893192461114211e+02 1.000000000000000000e+02 1.399907465012467611e+01
2.511886431509582280e+02 1.000000000000000000e+02 1.647982558934653596e+01
3.981071705534977241e+02 1.000000000000000000e+02 1.916191074067210920e+01
6.309573444801942514e+02 1.000000000000000000e+02 2.224667238061362085e+01
1.000000000000000000e+03 1.000000000000000000e+02 2.571392433242946041e+01
1.584893192461114040e+03 1.000000000000000000e+02 2.941980043046118354e+01
2.511886431509582053e+03 1.000000000000000000e+02 3.329649614167659877e+01
3.981071705534977355e+03 1.000000000000000000e+02 3.743898243077758536e+01
6.309573444801942969e+03 1.000000000000000000e+02 4.205192761357649545e+01
1.000000000000000000e+04 1.000000000000000000e+02 4.718242068433900016e+01
