1.000000000000000021e-03 2.511886431509580131e+00 4.164538432911584346e-07
1.584893192461114082e-03 2.511886431509580131e+00 1.045799976120819218e-06
2.511886431509579437e-03 2.511886431509580131e+00 2.625340655851295080e-06
3.981071705534973415e-03 2.511886431509580131e+00 6.589207313348031551e-06
6.309573444801930275e-03 2.511886431509580131e+00 1.652831701174195913e-05
1.000000000000000021e-02 2.511886431509580131e+00 4.142385953037409408e-05
1.584893192461114125e-02 2.511886431509580131e+00 1.036633152839762676e-04
2.511886431509580825e-02 2.511886431509580131e+00 2.588077243113991112e-04
3.981071705534973415e-02 2.511886431509580131e+00 6.435013041948102822e-04
6.309573444801933051e-02 2.511886431509580131e+00 1.588802344412643640e-03
1.000000000000000056e-01 2.511886431509580131e+00 3.875950628947306964e-03
1.584893192461114264e-01 2.511886431509580131e+00 9.267619766158866762e-03
2.511886431509582351e-01 2.511886431509580131e+00 2.146231816855563926e-02
3.981071705534973137e-01 2.511886431509580131e+00 4.741371950279305719e-02
6.309573444801935826e-01 2.511886431509580131e+00 9.840867678426147569e-02
1.000000000000000000e+00 2.511886431509580131e+00 1.901274132873615463e-01
1.584893192461114042e+00 2.511886431509580131e+00 3.422578421384330216e-01
2.511886431509582351e+00 2.511886431509580131e+00 5.789746667413185888e-01
3.981071705534973137e+00 2.511886431509580131e+00 9.289283311666297616e-01
6.309573444801936049e+00 2.511886431509580131e+00 1.422848234046982130e+00
1.000000000000000000e+01 2.511886431509580131e+00 2.090576202906492043e+00
1.584893192461114175e+01 2.511886431509580131e+00 2.959130575796367513e+00
2.511886431509581996e+01 2.511886431509580131e+00 4.051713175234506359e+00
3.981071705534977667e+01 2.511886431509580131e+00 5.387712574363179741e+00
6.309573444801942799e+01 2.511886431509580131e+00 6.982994142661817172e+00
1.000000000000000000e+02 2.511886431509580131e+00 8.850320223881420034e+00
1.584893192461114211e+02 2.511886431509580131e+00 1.100033943819037852e+01
2.511886431509582280e+02 2.511886431509580131e+00 1.344146407217995431e+01
3.981071705534977241e+02 2.511886431509580131e+00 1.618136819358785061e+01
6.309573444801942514e+02 2.511886431509580131e+00 1.922574154569873883e+01
1.000000000000000000e+03 2.511886431509580131e+00 2.257992013897616346e+01
1.584893192461114040e+03 2.511886431509580131e+00 2.624816025316181722e+01
2.511886431509582053e+03 2.511886431509580131e+00 3.023416494356629158e+01
3.981071705534977355e+03 2.511886431509580131e+00 3.454227178418197042e+01
6.309573444801942969e+03 2.511886431509580131e+00 3.917497941810187712e+01
1.000000000000000000e+04 2.511886431509580131e+00 4.413448272747660184e+01
1.000000000000000021e-03 3.162277660168379523e+00 4.845723503635558107e-07
1.584893192461114082e-03 3.162277660168379523e+00 1.216717958376010693e-06
2.511886431509579437e-03 3.162277660168379523e+00 3.054359107103334557e-06
3.981071705534973415e-03 3.162277660168379523e+00 7.664535229475016764e-06
6.309573444801930275e-03 3.162277660168379523e+00 1.922138218544359239e-05
1.000000000000000021e-02 3.162277660168379523e+00 4.815482509291736305e-05
1.584893192461114125e-02 3.162277660168379523e+00 1.204330956639707538e-04
2.511886431509580825e-02 3.162277660168379523e+00 3.003182937719391142e-04
3.981071705534973415e-02 3.162277660168379523e+00 7.451029020732772776e-04
6.309573444801933051e-02 3.162277660168379523e+00 1.832476604495233584e-03
1.000000000000000056e-01 3.162277660168379523e+00 4.439507435850207143e-03
1.584893192461114264e-01 3.162277660168379523e+00 1.049290658605138774e-02
2.511886431509582351e-01 3.162277660168379523e+00 2.387311534429292781e-02
3.981071705534973137e-01 3.162277660168379523e+00 5.149931609639678970e-02
6.309573444801935826e-01 3.162277660168379523e+00 1.040971338823246523e-01
1.000000000000000000e+00 3.162277660168379523e+00 1.965060247002405058e-01
1.584893192461114042e+00 3.162277660168379523e+00 3.482561207988678076e-01
2.511886431509582351e+00 3.162277660168379523e+00 5.842083967165506708e-01
3.981071705534973137e+00 3.162277660168379523e+00 9.334751980369857538e-01
6.309573444801936049e+00 3.162277660168379523e+00 1.426787772982512248e+00
1.000000000000000000e+01 3.162277660168379523e+00 2.093913660523560871e+00
1.584893192461114175e+01 3.162277660168379523e+00 2.961762501504180634e+00
2.511886431509581996e+01 3.162277660168379523e+00 4.053597268615710014e+00
3.981071705534977667e+01 3.162277660168379523e+00 5.388796690252385169e+00
6.309573444801942799e+01 3.162277660168379523e+00 6.982996100406617224e+00
1.000000000000000000e+02 3.162277660168379523e+00 8.849264031867699387e+00
1.584893192461114211e+02 3.162277660168379523e+00 1.099794964657217022e+01
2.511886431509582280e+02 3.162277660168379523e+00 1.343775609299224882e+01
3.981071705534977241e+02 3.162277660168379523e+00 1.617622742539989389e+01
6.309573444801942514e+02 3.162277660168379523e+00 1.921905693794494496e+01
1.000000000000000000e+03 3.162277660168379523e+00 2.257104036961424143e+01
1.584893192461114040e+03 3.162277660168379523e+00 2.623658428704241175e+01
2.511886431509582053e+03 3.162277660168379523e+00 3.022117008939389748e+01
3.981071705534977355e+03 3.162277660168379523e+00 3.452672577775541640e+01
6.309573444801942969e+03 3.162277660168379523e+00 3.915591440294911507e+01
1.000000000000000000e+04 3.162277660168379523e+00 4.411036658342058558e+01
1.000000000000000021e-03 3.981071705534973137e+00 5.547415302885397032e-07
1.584893192461114082e-03 3.981071705534973137e+00 1.392522271899923601e-06
2.511886431509579437e-03 3.981071705534973137e+00 3.495493911323757454e-06
3.981071705534973415e-03 3.981071705534973137e+00 8.770249311658127821e-06
6.309573444801930275e-03 3.981071705534973137e+00 2.198875464426169556e-05
1.000000000000000021e-02 3.981071705534973137e+00 5.506389353560085440e-05
1.584893192461114125e-02 3.981071705534973137e+00 1.375996489846995259e-04
2.511886431509580825e-02 3.981071705534973137e+00 3.426177167620147340e-04
3.981071705534973415e-02 3.981071705534973137e+00 8.477258064232492691e-04
6.309573444801933051e-02 3.981071705534973137e+00 2.074478304678942925e-03
1.000000000000000056e-01 3.981071705534973137e+00 4.982597638597498733e-03
1.584893192461114264e-01 3.981071705534973137e+00 1.161499982030525166e-02
2.511886431509582351e-01 3.981071705534973137e+00 2.591139813370135769e-02
3.981071705534973137e-01 3.981071705534973137e+00 5.459819902879205905e-02
6.309573444801935826e-01 3.981071705534973137e+00 1.079049518033541738e-01
1.000000000000000000e+00 3.981071705534973137e+00 2.003254256154514135e-01
1.584893192461114042e+00 3.981071705534973137e+00 3.516397435792813497e-01
2.511886431509582351e+00 3.981071705534973137e+00 5.870999264059835188e-01
3.981071705534973137e+00 3.981071705534973137e+00 9.359137739630696284e-01
6.309573444801936049e+00 3.981071705534973137e+00 1.428741215496363237e+00
1.000000000000000000e+01 3.981071705534973137e+00 2.095206516348355752e+00
1.584893192461114175e+01 3.981071705534973137e+00 2.962326928927180969e+00
2.511886431509581996e+01 3.981071705534973137e+00 4.053320501612558857e+00
3.981071705534977667e+01 3.981071705534973137e+00 5.387267329828322460e+00
6.309573444801942799e+01 3.981071705534973137e+00 6.980103581928029044e+00
1.000000000000000000e+02 3.981071705534973137e+00 8.844894297608876244e+00
1.584893192461114211e+02 3.981071705534973137e+00 1.099162829196166236e+01
2.511886431509582280e+02 3.981071705534973137e+00 1.342957505063874457e+01
3.981071705534977241e+02 3.981071705534973137e+00 1.616590650416117114e+01
6.309573444801942514e+02 3.981071705534973137e+00 1.920546683611183170e+01
1.000000000000000000e+03 3.981071705534973137e+00 2.255362691971530253e+01
1.584893192461114040e+03 3.981071705534973137e+00 2.621709920446785347e+01
2.511886431509582053e+03 3.981071705534973137e+00 3.019776663613491152e+01
3.981071705534977355e+03 3.981071705534973137e+00 3.449796404740281019e+01
6.309573444801942969e+03 3.981071705534973137e+00 3.912065163118950295e+01
1.000000000000000000e+04 3.981071705534973137e+00 4.406930630989391773e+01
1.000000000000000021e-03 5.011872336272723771e+00 6.262083677324707876e-07
1.584893192461114082e-03 5.011872336272723771e+00 1.572180412445191252e-06
2.511886431509579437e-03 5.011872336272723771e+00 3.945697052198127863e-06
3.981071705534973415e-03 5.011872336272723771e+00 9.898125462399242602e-06
6.309573444801930275e-03 5.011872336272723771e+00 2.480918242400837311e-05
1.000000000000000021e-02 5.011872336272723771e+00 6.209215754290009980e-05
1.584893192461114125e-02 5.011872336272723771e+00 1.550093462033390876e-04
2.511886431509580825e-02 5.011872336272723771e+00 3.852378883507686768e-04
3.981071705534973415e-02 5.011872336272723771e+00 9.498163208634111728e-04
6.309573444801933051e-02 5.011872336272723771e+00 2.309714963033867099e-03
1.000000000000000056e-01 5.011872336272723771e+00 5.489696009130138991e-03
1.584893192461114264e-01 5.011872336272723771e+00 1.259641358225533497e-02
2.511886431509582351e-01 5.011872336272723771e+00 2.753689064804627773e-02
3.981071705534973137e-01 5.011872336272723771e+00 5.680241429219957949e-02
6.309573444801935826e-01 5.011872336272723771e+00 1.103112830305716940e-01
1.000000000000000000e+00 5.011872336272723771e+00 2.025358577459327458e-01
1.584893192461114042e+00 5.011872336272723771e+00 3.534973179622272199e-01
2.511886431509582351e+00 5.011872336272723771e+00 5.886046727262065348e-01
3.981071705534973137e+00 5.011872336272723771e+00 9.370177742951552036e-01
6.309573444801936049e+00 5.011872336272723771e+00 1.429213441864197964e+00
1.000000000000000000e+01 5.011872336272723771e+00 2.094986779357113971e+00
1.584893192461114175e+01 5.011872336272723771e+00 2.961245217128387175e+00
2.511886431509581996e+01 5.011872336272723771e+00 4.050836257505492810e+00
3.981071705534977667e+01 5.011872336272723771e+00 5.383078620951168958e+00
6.309573444801942799e+01 5.011872336272723771e+00 6.974241703683633276e+00
1.000000000000000000e+02 5.011872336272723771e+00 8.836579843212437169e+00
1.584893192461114211e+02 5.011872336272723771e+00 1.098063903864778368e+01
2.511886431509582280e+02 5.011872336272723771e+00 1.341588564260546157e+01
3.981071705534977241e+02 5.011872336272723771e+00 1.614793901407215415e+01
6.309573444801942514e+02 5.011872336272723771e+00 1.918262056687407835e+01
1.000000000000000000e+03 5.011872336272723771e+00 2.252736479428450167e+01
1.584893192461114040e+03 5.011872336272723771e+00 2.618549215926481111e+01
2.511886431509582053e+03 5.011872336272723771e+00 3.015869180001108774e+01
3.981071705534977355e+03 5.011872336272723771e+00 3.445079208936292758e+01
6.309573444801942969e+03 5.011872336272723771e+00 3.906569867990611300e+01
1.000000000000000000e+04 5.011872336272723771e+00 4.401066905188570644e+01
1.000000000000000021e-03 6.309573444801933384e+00 6.986201446049284692e-07
1.584893192461114082e-03 6.309573444801933384e+00 1.753873651812171060e-06
2.511886431509579437e-03 6.309573444801933384e+00 4.401519042723838313e-06
3.981071705534973415e-03 6.309573444801933384e+00 1.104155478306674055e-05
6.309573444801930275e-03 6.309573444801933384e+00 2.766345712709553128e-05
1.000000000000000021e-02 6.309573444801933384e+00 6.918923379306568143e-05
1.584893192461114125e-02 6.309573444801933384e+00 1.725023011842867352e-04
2.511886431509580825e-02 6.309573444801933384e+00 4.276576316703659857e-04
3.981071705534973415e-02 6.309573444801933384e+00 1.049664912973065269e-03
6.309573444801933051e-02 6.309573444801933384e+00 2.532736109429049431e-03
1.000000000000000056e-01 6.309573444801933384e+00 5.945780316283216967e-03
1.584893192461114264e-01 6.309573444801933384e+00 1.341334968404206927e-02
2.511886431509582351e-01 6.309573444801933384e+00 2.875788231410204496e-02
3.981071705534973137e-01 6.309573444801933384e+00 5.827157315808903504e-02
6.309573444801935826e-01 6.309573444801933384e+00 1.117460129929127438e-01
1.000000000000000000e+00 6.309573444801933384e+00 2.037369994256040817e-01
1.584893192461114042e+00 6.309573444801933384e+00 3.544219129819008995e-01
2.511886431509582351e+00 6.309573444801933384e+00 5.892023051261982003e-01
3.981071705534973137e+00 6.309573444801933384e+00 9.370370185325084256e-01
6.309573444801936049e+00 6.309573444801933384e+00 1.428566796578258247e+00
1.000000000000000000e+01 6.309573444801933384e+00 2.093481929508270500e+00
1.584893192461114175e+01 6.309573444801933384e+00 2.958232284426121961e+00
2.511886431509581996e+01 6.309573444801933384e+00 4.045868795631579751e+00
3.981071705534977667e+01 6.309573444801933384e+00 5.376205392665708516e+00
6.309573444801942799e+01 6.309573444801933384e+00 6.964628865448617923e+00
1.000000000000000000e+02 6.309573444801933384e+00 8.823386676877925439e+00
1.584893192461114211e+02 6.309573444801933384e+00 1.096405297019871483e+01
2.511886431509582280e+02 6.309573444801933384e+00 1.339450059019174155e+01
3.981071705534977241e+02 6.309573444801933384e+00 1.612061216509718165e+01
6.309573444801942514e+02 6.309573444801933384e+00 1.914987476268072797e+01
1.000000000000000000e+03 6.309573444801933384e+00 2.248755106572335549e+01
1.584893192461114040e+03 6.309573444801933384e+00 2.613656201780047894e+01
2.511886431509582053e+03 6.309573444801933384e+00 3.009920372832952751e+01
3.981071705534977355e+03 6.309573444801933384e+00 3.438190738129116397e+01
6.309573444801942969e+03 6.309573444801933384e+00 3.898951344329642410e+01
1.000000000000000000e+04 6.309573444801933384e+00 4.392084193495526279e+01
1.000000000000000021e-03 7.943282347242815788e+00 7.719638715987980820e-07
1.584893192461114082e-03 7.943282347242815788e+00 1.937861946098229492e-06
2.511886431509579437e-03 7.943282347242815788e+00 4.862630689377449400e-06
3.981071705534973415e-03 7.943282347242815788e+00 1.219313800001236751e-05
6.309573444801930275e-03 7.943282347242815788e+00 3.053697482776964746e-05
1.000000000000000021e-02 7.943282347242815788e+00 7.631136019909346097e-05
1.584893192461114125e-02 7.943282347242815788e+00 1.899125264967686344e-04
2.511886431509580825e-02 7.943282347242815788e+00 4.693287701686632498e-04
3.981071705534973415e-02 7.943282347242815788e+00 1.145443655388136235e-03
6.309573444801933051e-02 7.943282347242815788e+00 2.737821545025428960e-03
1.000000000000000056e-01 7.943282347242815788e+00 6.339245776292468104e-03
1.584893192461114264e-01 7.943282347242815788e+00 1.405728749063079978e-02
2.511886431509582351e-01 7.943282347242815788e+00 2.961582062196643425e-02
3.981071705534973137e-01 7.943282347242815788e+00 5.918265575654203803e-02
6.309573444801935826e-01 7.943282347242815788e+00 1.125266513880945757e-01
1.000000000000000000e+00 7.943282347242815788e+00 2.043083218426840486e-01
1.584893192461114042e+00 7.943282347242815788e+00 3.547327552351235425e-01
2.511886431509582351e+00 7.943282347242815788e+00 5.890250479555712015e-01
3.981071705534973137e+00 7.943282347242815788e+00 9.362202188091269806e-01
6.309573444801936049e+00 7.943282347242815788e+00 1.426920425564432993e+00
1.000000000000000000e+01 7.943282347242815788e+00 2.090339935996036846e+00
1.584893192461114175e+01 7.943282347242815788e+00 2.953097908997861509e+00
2.511886431509581996e+01 7.943282347242815788e+00 4.038757630592630932e+00
3.981071705534977667e+01 7.943282347242815788e+00 5.365980131916522566e+00
6.309573444801942799e+01 7.943282347242815788e+00 6.950117001938866501e+00
1.000000000000000000e+02 7.943282347242815788e+00 8.804628612532649612e+00
1.584893192461114211e+02 7.943282347242815788e+00 1.094025044067397801e+01
2.511886431509582280e+02 7.943282347242815788e+00 1.336373660203700986e+01
3.981071705534977241e+02 7.943282347242815788e+00 1.608222057304411479e+01
6.309573444801942514e+02 7.943282347242815788e+00 1.910223964747090619e+01
1.000000000000000000e+03 7.943282347242815788e+00 2.242967163445696244e+01
1.584893192461114040e+03 7.943282347242815788e+00 2.606536091234222496e+01
2.511886431509582053e+03 7.943282347242815788e+00 3.001608943090273840e+01
3.981071705534977355e+03 7.943282347242815788e+00 3.428792651465212060e+01
6.309573444801942969e+03 7.943282347242815788e+00 3.887767825707728520e+01
1.000000000000000000e+04 7.943282347242815788e+00 4.378787627523890080e+01
1.000000000000000021e-03 1.000000000000000000e+01 8.450912158607363182e-07
1.584893192461114082e-03 1.000000000000000000e+01 2.121254669994231725e-06
2.511886431509579437e-03 1.000000000000000000e+01 5.321971335507097372e-06
3.981071705534973415e-03 1.000000000000000000e+01 1.334458290820673061e-05
6.309573444801930275e-03 1.000000000000000000e+01 3.340135309882178881e-05
1.000000000000000021e-02 1.000000000000000000e+01 8.337097981898900206e-05
1.584893192461114125e-02 1.000000000000000000e+01 2.069905719711416145e-04
2.511886431509580825e-02 1.000000000000000000e+01 5.096247962249418530e-04
3.981071705534973415e-02 1.000000000000000000e+01 1.235013074863128149e-03
6.309573444801933051e-02 1.000000000000000000e+01 2.919972199239315429e-03
1.000000000000000056e-01 1.000000000000000000e+01 6.657642112573330072e-03
1.584893192461114264e-01 1.000000000000000000e+01 1.453320354682062672e-02
2.511886431509582351e-01 1.000000000000000000e+01 3.017382913126998717e-02
3.981071705534973137e-01 1.000000000000000000e+01 5.968835737392913510e-02
6.309573444801935826e-01 1.000000000000000000e+01 1.128858939046946258e-01
1.000000000000000000e+00 1.000000000000000000e+01 2.044658554345467061e-01
1.584893192461114042e+00 1.000000000000000000e+01 3.545085291317177645e-01
2.511886431509582351e+00 1.000000000000000000e+01 5.882231900868243324e-01
3.981071705534973137e+00 1.000000000000000000e+01 9.346489093984901020e-01
6.309573444801936049e+00 1.000000000000000000e+01 1.423994774247888451e+00
1.000000000000000000e+01 1.000000000000000000e+01 2.085569731122948411e+00
1.584893192461114175e+01 1.000000000000000000e+01 2.946828348961136879e+00
2.511886431509581996e+01 1.000000000000000000e+01 4.028875565331630604e+00
3.981071705534977667e+01 1.000000000000000000e+01 5.351088702433879796e+00
6.309573444801942799e+01 1.000000000000000000e+01 6.930209039806421778e+00
1.000000000000000000e+02 1.000000000000000000e+01 8.779136641012453168e+00
1.584893192461114211e+02 1.000000000000000000e+01 1.090692820075765290e+01
2.511886431509582280e+02 1.000000000000000000e+01 1.332073278095833757e+01
3.981071705534977241e+02 1.000000000000000000e+01 1.602797540210325167e+01
6.309573444801942514e+02 1.000000000000000000e+01 1.903639789240657620e+01
1.000000000000000000e+03 1.000000000000000000e+01 2.234864969984049310e+01
1.584893192461114040e+03 1.000000000000000000e+01 2.596832442896666393e+01
2.511886431509582053e+03 1.000000000000000000e+01 2.990482843537565572e+01
3.981071705534977355e+03 1.000000000000000000e+01 3.415480011743708388e+01
6.309573444801942969e+03 1.000000000000000000e+01 3.871986128411469252e+01
1.000000000000000000e+04 1.000000000000000000e+01 4.362185015636116248e+01
1.000000000000000021e-03 1.258925411794167459e+01 9.186210462241718079e-07
1.584893192461114082e-03 1.258925411794167459e+01 2.305599350084173023e-06
2.511886431509579437e-03 1.258925411794167459e+01 5.783367985079714047e-06
3.981071705534973415e-03 1.258925411794167459e+01 1.449210701231635595e-05
6.309573444801930275e-03 1.258925411794167459e+01 3.624543964214690928e-05
1.000000000000000021e-02 1.258925411794167459e+01 9.033586675675481085e-05
1.584893192461114125e-02 1.258925411794167459e+01 2.237142399887030568e-04
2.511886431509580825e-02 1.258925411794167459e+01 5.477770080676701726e-04
3.981071705534973415e-02 1.258925411794167459e+01 1.316417078425076393e-03
6.309573444801933051e-02 1.258925411794167459e+01 3.075037762053411776e-03
1.000000000000000056e-01 1.258925411794167459e+01 6.912934076404159828e-03
1.584893192461114264e-01 1.258925411794167459e+01 1.485929259466709645e-02
2.511886431509582351e-01 1.258925411794167459e+01 3.049572272810311888e-02
3.981071705534973137e-01 1.258925411794167459e+01 5.991964031813070551e-02
6.309573444801935826e-01 1.258925411794167459e+01 1.129675687991040650e-01
1.000000000000000000e+00 1.258925411794167459e+01 2.042654853658611713e-01
1.584893192461114042e+00 1.258925411794167459e+01 3.538296452744141285e-01
2.511886431509582351e+00 1.258925411794167459e+01 5.868713790286964604e-01
3.981071705534973137e+00 1.258925411794167459e+01 9.321599034601881772e-01
6.309573444801936049e+00 1.258925411794167459e+01 1.419825166465395139e+00
1.000000000000000000e+01 1.258925411794167459e+01 2.080462082867441165e+00
1.584893192461114175e+01 1.258925411794167459e+01 2.938666405190743180e+00
2.511886431509581996e+01 1.258925411794167459e+01 4.014916234624659630e+00
3.981071705534977667e+01 1.258925411794167459e+01 5.331169820154809891e+00
6.309573444801942799e+01 1.258925411794167459e+01 6.903883480282368090e+00
1.000000000000000000e+02 1.258925411794167459e+01 8.744210983500755319e+00
1.584893192461114211e+02 1.258925411794167459e+01 1.086073150258846454e+01
2.511886431509582280e+02 1.258925411794167459e+01 1.326173358080139586e+01
3.981071705534977241e+02 1.258925411794167459e+01 1.595558615382196521e+01
6.309573444801942514e+02 1.258925411794167459e+01 1.894725576197620498e+01
1.000000000000000000e+03 1.258925411794167459e+01 2.223962925233042398e+01
1.584893192461114040e+03 1.258925411794167459e+01 2.584015510551968831e+01
2.511886431509582053e+03 1.258925411794167459e+01 2.975385826156880853e+01
3.981071705534977355e+03 1.258925411794167459e+01 3.398002941055479198e+01
6.309573444801942969e+03 1.258925411794167459e+01 3.855045580920070591e+01
1.000000000000000000e+04 1.258925411794167459e+01 4.346800762974755372e+01
1.000000000000000021e-03 1.584893192461114175e+01 9.916682151251526868e-07
1.584893192461114082e-03 1.584893192461114175e+01 2.488628683577259893e-06
2.511886431509579437e-03 1.584893192461114175e+01 6.240003161632993972e-06
3.981071705534973415e-03 1.584893192461114175e+01 1.562826929825876873e-05
6.309573444801930275e-03 1.584893192461114175e+01 3.904689412821852555e-05
1.000000000000000021e-02 1.584893192461114175e+01 9.712357765888442911e-05
1.584893192461114125e-02 1.584893192461114175e+01 2.396251961073608838e-04
2.511886431509580825e-02 1.584893192461114175e+01 5.830600030821616328e-04
3.981071705534973415e-02 1.584893192461114175e+01 1.387750071043345130e-03
6.309573444801933051e-02 1.584893192461114175e+01 3.200120343135322547e-03
1.000000000000000056e-01 1.584893192461114175e+01 7.093576108285383139e-03
1.584893192461114264e-01 1.584893192461114175e+01 1.505726312834708772e-02
2.511886431509582351e-01 1.584893192461114175e+01 3.064688960491069453e-02
3.981071705534973137e-01 1.584893192461114175e+01 5.996748142720766117e-02
6.309573444801935826e-01 1.584893192461114175e+01 1.128167591538142139e-01
1.000000000000000000e+00 1.584893192461114175e+01 2.037507600870480384e-01
1.584893192461114042e+00 1.584893192461114175e+01 3.527656208937612892e-01
2.511886431509582351e+00 1.584893192461114175e+01 5.848940111275153786e-01
3.981071705534973137e+00 1.584893192461114175e+01 9.286884121819417581e-01
6.309573444801936049e+00 1.584893192461114175e+01 1.415340745616012974e+00
1.000000000000000000e+01 1.584893192461114175e+01 2.074191364792381087e+00
1.584893192461114175e+01 1.584893192461114175e+01 2.927534855599961183e+00
2.511886431509581996e+01 1.584893192461114175e+01 3.996583661150585609e+00
3.981071705534977667e+01 1.584893192461114175e+01 5.305149855172260231e+00
6.309573444801942799e+01 1.584893192461114175e+01 6.868644761624447703e+00
1.000000000000000000e+02 1.584893192461114175e+01 8.696896386858266936e+00
1.584893192461114211e+02 1.584893192461114175e+01 1.079917272696916619e+01
2.511886431509582280e+02 1.584893192461114175e+01 1.318498031358573286e+01
3.981071705534977241e+02 1.584893192461114175e+01 1.585933376594530841e+01
6.309573444801942514e+02 1.584893192461114175e+01 1.882867505280489695e+01
1.000000000000000000e+03 1.584893192461114175e+01 2.209607154923758898e+01
1.584893192461114040e+03 1.584893192461114175e+01 2.567484602811322247e+01
2.511886431509582053e+03 1.584893192461114175e+01 2.957739655610673779e+01
3.981071705534977355e+03 1.584893192461114175e+01 3.382844058347169636e+01
6.309573444801942969e+03 1.584893192461114175e+01 3.843933828350898096e+01
1.000000000000000000e+04 1.584893192461114175e+01 4.338797745443496723e+01
1.000000000000000021e-03 1.995262314968879735e+01 1.063260048682068591e-06
1.584893192461114082e-03 1.995262314968879735e+01 2.667867808817754422e-06
2.511886431509579437e-03 1.995262314968879735e+01 6.689591334760446259e-06
3.981071705534973415e-03 1.995262314968879735e+01 1.674316964605401217e-05
6.309573444801930275e-03 1.995262314968879735e+01 4.177565803186087897e-05
1.000000000000000021e-02 1.995262314968879735e+01 1.036361091167340353e-04
1.584893192461114125e-02 1.995262314968879735e+01 2.545130906825618226e-04
2.511886431509580825e-02 1.995262314968879735e+01 6.146746567142362177e-04
3.981071705534973415e-02 1.995262314968879735e+01 1.447305084739668700e-03
6.309573444801933051e-02 1.995262314968879735e+01 3.294687788594655858e-03
1.000000000000000056e-01 1.995262314968879735e+01 7.209475213641428244e-03
1.584893192461114264e-01 1.995262314968879735e+01 1.515517758462569566e-02
2.511886431509582351e-01 1.995262314968879735e+01 3.068022903343136515e-02
3.981071705534973137e-01 1.995262314968879735e+01 5.986818000196823808e-02
6.309573444801935826e-01 1.995262314968879735e+01 1.124628270086896059e-01
1.000000000000000000e+00 1.995262314968879735e+01 2.029825219385481272e-01
1.584893192461114042e+00 1.995262314968879735e+01 3.512977047587372836e-01
2.511886431509582351e+00 1.995262314968879735e+01 5.821970516672876350e-01
3.981071705534973137e+00 1.995262314968879735e+01 9.247260021284504639e-01
6.309573444801936049e+00 1.995262314968879735e+01 1.410009728173213572e+00
1.000000000000000000e+01 1.995262314968879735e+01 2.066080173763224170e+00
1.584893192461114175e+01 1.995262314968879735e+01 2.913315690565673854e+00
2.511886431509581996e+01 1.995262314968879735e+01 3.972843934520634779e+00
3.981071705534977667e+01 1.995262314968879735e+01 5.271372415744592921e+00
6.309573444801942799e+01 1.995262314968879735e+01 6.823030135606201974e+00
1.000000000000000000e+02 1.995262314968879735e+01 8.636120574697915941e+00
1.584893192461114211e+02 1.995262314968879735e+01 1.072189062799857417e+01
2.511886431509582280e+02 1.995262314968879735e+01 1.308546367639478625e+01
3.981071705534977241e+02 1.995262314968879735e+01 1.573571948266466514e+01
6.309573444801942514e+02 1.995262314968879735e+01 1.867615041088092553e+01
1.000000000000000000e+03 1.995262314968879735e+01 2.192284447107955714e+01
1.584893192461114040e+03 1.995262314968879735e+01 2.551165230819289675e+01
2.511886431509582053e+03 1.995262314968879735e+01 2.945917834612118469e+01
3.981071705534977355e+03 1.995262314968879735e+01 3.376197755434648684e+01
6.309573444801942969e+03 1.995262314968879735e+01 3.839703408160575293e+01
1.000000000000000000e+04 1.995262314968879735e+01 4.336778955405561931e+01
1.000000000000000021e-03 2.511886431509579509e+01 1.133623578402931050e-06
1.584893192461114082e-03 2.511886431509579509e+01 2.843800435094223287e-06
2.511886431509579437e-03 2.511886431509579509e+01 7.125946517523303630e-06
3.981071705534973415e-03 2.511886431509579509e+01 1.782151010489111824e-05
6.309573444801930275e-03 2.511886431509579509e+01 4.438361720515860288e-05
1.000000000000000021e-02 2.511886431509579509e+01 1.097382896092088326e-04
1.584893192461114125e-02 2.511886431509579509e+01 2.679875751672306503e-04
2.511886431509580825e-02 2.511886431509579509e+01 6.416057070623036249e-04
3.981071705534973415e-02 2.511886431509579509e+01 1.493710436849363631e-03
6.309573444801933051e-02 2.511886431509579509e+01 3.357890150777897206e-03
1.000000000000000056e-01 2.511886431509579509e+01 7.269569175344793403e-03
1.584893192461114264e-01 2.511886431509579509e+01 1.518014834311039174e-02
2.511886431509582351e-01 2.511886431509579509e+01 3.062410730239776419e-02
3.981071705534973137e-01 2.511886431509579509e+01 5.965128743092407843e-02
6.309573444801935826e-01 2.511886431509579509e+01 1.119666233293992452e-01
1.000000000000000000e+00 2.511886431509579509e+01 2.020016826245844277e-01
1.584893192461114042e+00 2.511886431509579509e+01 3.494317017983522566e-01
2.511886431509582351e+00 2.511886431509579509e+01 5.791595134771729825e-01
3.981071705534973137e+00 2.511886431509579509e+01 9.203269271135988694e-01
6.309573444801936049e+00 2.511886431509579509e+01 1.403917628160056275e+00
1.000000000000000000e+01 2.511886431509579509e+01 2.056960663824209057e+00
1.584893192461114175e+01 2.511886431509579509e+01 2.895382837084202965e+00
2.511886431509581996e+01 2.511886431509579509e+01 3.944262874701021104e+00
3.981071705534977667e+01 2.511886431509579509e+01 5.232774449222756807e+00
6.309573444801942799e+01 2.511886431509579509e+01 6.770638038655433455e+00
1.000000000000000000e+02 2.511886431509579509e+01 8.568143086416833754e+00
1.584893192461114211e+02 2.511886431509579509e+01 1.063267297154114921e+01
2.511886431509582280e+02 2.511886431509579509e+01 1.297311809325870691e+01
3.981071705534977241e+02 2.511886431509579509e+01 1.559588210839966216e+01
6.309573444801942514e+02 2.511886431509579509e+01 1.851649525827309617e+01
1.000000000000000000e+03 2.511886431509579509e+01 2.178606965772793558e+01
1.584893192461114040e+03 2.511886431509579509e+01 2.543088280677050150e+01
2.511886431509582053e+03 2.511886431509579509e+01 2.942510123898112084e+01
3.981071705534977355e+03 2.511886431509579509e+01 3.374375069742598043e+01
6.309573444801942969e+03 2.511886431509579509e+01 3.838826411346550316e+01
1.000000000000000000e+04 2.511886431509579509e+01 4.336150800740968947e+01
1.000000000000000021e-03 3.162277660168379256e+01 1.200244244968398524e-06
1.584893192461114082e-03 3.162277660168379256e+01 3.010022078515471876e-06
2.511886431509579437e-03 3.162277660168379256e+01 7.537522748075290405e-06
3.981071705534973415e-03 3.162277660168379256e+01 1.882342615892308748e-05
6.309573444801930275e-03 3.162277660168379256e+01 4.676813502379959913e-05
1.000000000000000021e-02 3.162277660168379256e+01 1.151583881471965782e-04
1.584893192461114125e-02 3.162277660168379256e+01 2.793162412330854757e-04
2.511886431509580825e-02 3.162277660168379256e+01 6.623921670910445968e-04
3.981071705534973415e-02 3.162277660168379256e+01 1.524558754075258909e-03
6.309573444801933051e-02 3.162277660168379256e+01 3.390528539393368804e-03
1.000000000000000056e-01 3.162277660168379256e+01 7.286185971817701543e-03
1.584893192461114264e-01 3.162277660168379256e+01 1.515397402519159942e-02
2.511886431509582351e-01 3.162277660168379256e+01 3.051081972754393287e-02
3.981071705534973137e-01 3.162277660168379256e+01 5.937960785257806462e-02
6.309573444801935826e-01 3.162277660168379256e+01 1.114132858543867705e-01
1.000000000000000000e+00 3.162277660168379256e+01 2.009247694061721268e-01
1.584893192461114042e+00 3.162277660168379256e+01 3.475704520502186368e-01
2.511886431509582351e+00 3.162277660168379256e+01 5.762667173163060763e-01
3.981071705534973137e+00 3.162277660168379256e+01 9.162364808852622167e-01
6.309573444801936049e+00 3.162277660168379256e+01 1.398886666263260414e+00
1.000000000000000000e+01 3.162277660168379256e+01 2.046567865204336645e+00
1.584893192461114175e+01 3.162277660168379256e+01 2.876257907338361175e+00
2.511886431509581996e+01 3.162277660168379256e+01 3.918359314506777213e+00
3.981071705534977667e+01 3.162277660168379256e+01 5.197292053458338223e+00
6.309573444801942799e+01 3.162277660168379256e+01 6.723885910608315974e+00
1.000000000000000000e+02 3.162277660168379256e+01 8.506206484370977705e+00
1.584893192461114211e+02 3.162277660168379256e+01 1.055365346927060521e+01
2.511886431509582280e+02 3.162277660168379256e+01 1.287442554122249661e+01
3.981071705534977241e+02 3.162277660168379256e+01 1.548152323908921346e+01
6.309573444801942514e+02 3.162277660168379256e+01 1.842124172119329373e+01
1.000000000000000000e+03 3.162277660168379256e+01 2.173804835249739753e+01
1.584893192461114040e+03 3.162277660168379256e+01 2.541554781706743782e+01
2.511886431509582053e+03 3.162277660168379256e+01 2.941847389672683022e+01
3.981071705534977355e+03 3.162277660168379256e+01 3.374007502242220369e+01
6.309573444801942969e+03 3.162277660168379256e+01 3.838678165877455939e+01
1.000000000000000000e+04 3.162277660168379256e+01 4.336077757043958769e+01
1.000000000000000021e-03 3.981071705534973404e+01 1.259017170747651377e-06
1.584893192461114082e-03 3.981071705534973404e+01 3.156077860580928965e-06
2.511886431509579437e-03 3.981071705534973404e+01 7.896603163544878992e-06
3.981071705534973415e-03 3.981071705534973404e+01 1.968725115726794629e-05
6.309573444801930275e-03 3.981071705534973404e+01 4.877035933216637345e-05
1.000000000000000021e-02 3.981071705534973404e+01 1.194737089799718981e-04
1.584893192461114125e-02 3.981071705534973404e+01 2.875854454632276441e-04
2.511886431509580825e-02 3.981071705534973404e+01 6.754343296071120420e-04
3.981071705534973415e-02 3.981071705534973404e+01 1.539475904978770959e-03
6.309573444801933051e-02 3.981071705534973404e+01 3.399325003539037469e-03
1.000000000000000056e-01 3.981071705534973404e+01 7.276117788996344302e-03
1.584893192461114264e-01 3.981071705534973404e+01 1.510465406773486494e-02
2.511886431509582351e-01 3.981071705534973404e+01 3.038816836970400365e-02
3.981071705534973137e-01 3.981071705534973404e+01 5.912423636907171431e-02
6.309573444801935826e-01 3.981071705534973404e+01 1.109094670225255208e-01
1.000000000000000000e+00 3.981071705534973404e+01 2.000252161843566190e-01
1.584893192461114042e+00 3.981071705534973404e+01 3.461117219078864715e-01
2.511886431509582351e+00 3.981071705534973404e+01 5.741105015338336948e-01
3.981071705534973137e+00 3.981071705534973404e+01 9.138638520618915795e-01
6.309573444801936049e+00 3.981071705534973404e+01 1.394193748778483677e+00
1.000000000000000000e+01 3.981071705534973404e+01 2.036765876011240373e+00
1.584893192461114175e+01 3.981071705534973404e+01 2.862891845729221618e+00
2.511886431509581996e+01 3.981071705534973404e+01 3.899995734628574962e+00
3.981071705534977667e+01 3.981071705534973404e+01 5.172852189944184609e+00
6.309573444801942799e+01 3.981071705534973404e+01 6.691379689278970311e+00
1.000000000000000000e+02 3.981071705534973404e+01 8.464341224203039360e+00
1.584893192461114211e+02 3.981071705534973404e+01 1.050129347052562423e+01
2.511886431509582280e+02 3.981071705534973404e+01 1.281294364784765705e+01
3.981071705534977241e+02 3.981071705534973404e+01 1.543000926388389260e+01
6.309573444801942514e+02 3.981071705534973404e+01 1.839733287047022614e+01
1.000000000000000000e+03 3.981071705534973404e+01 2.173192002344388740e+01
1.584893192461114040e+03 3.981071705534973404e+01 2.541343671911799618e+01
2.511886431509582053e+03 3.981071705534973404e+01 2.941703211544305674e+01
3.981071705534977355e+03 3.981071705534973404e+01 3.373990168174035631e+01
6.309573444801942969e+03 3.981071705534973404e+01 3.838709097077357768e+01
1.000000000000000000e+04 3.981071705534973404e+01 4.336110246287505277e+01
1.000000000000000021e-03 5.011872336272725192e+01 1.306053945284633552e-06
1.584893192461114082e-03 5.011872336272725192e+01 3.272032374549518223e-06
2.511886431509579437e-03 5.011872336272725192e+01 8.177449513414070554e-06
3.981071705534973415e-03 5.011872336272725192e+01 2.035994847903266231e-05
6.309573444801930275e-03 5.011872336272725192e+01 5.024811905034098702e-05
1.000000000000000021e-02 5.011872336272725192e+01 1.223843628491543543e-04
1.584893192461114125e-02 5.011872336272725192e+01 2.923591679152188496e-04
2.511886431509580825e-02 5.011872336272725192e+01 6.811784536649631832e-04
3.981071705534973415e-02 5.011872336272725192e+01 1.543197706742569907e-03
6.309573444801933051e-02 5.011872336272725192e+01 3.396002045949208376e-03
1.000000000000000056e-01 5.011872336272725192e+01 7.257891058614842836e-03
1.584893192461114264e-01 5.011872336272725192e+01 1.505815143870563311e-02
2.511886431509582351e-01 5.011872336272725192e+01 3.028989606091845449e-02
3.981071705534973137e-01 5.011872336272725192e+01 5.892879167186384354e-02
6.309573444801935826e-01 5.011872336272725192e+01 1.105541851610869902e-01
1.000000000000000000e+00 5.011872336272725192e+01 1.994354270559007825e-01
1.584893192461114042e+00 5.011872336272725192e+01 3.452093741238014268e-01
2.511886431509582351e+00 5.011872336272725192e+01 5.731628803512006654e-01
3.981071705534973137e+00 5.011872336272725192e+01 9.121164964721601986e-01
6.309573444801936049e+00 5.011872336272725192e+01 1.390184155463072502e+00
1.000000000000000000e+01 5.011872336272725192e+01 2.031257956548613297e+00
1.584893192461114175e+01 5.011872336272725192e+01 2.855320927132844133e+00
2.511886431509581996e+01 5.011872336272725192e+01 3.889857026341185353e+00
3.981071705534977667e+01 5.011872336272725192e+01 5.159344594085123248e+00
6.309573444801942799e+01 5.011872336272725192e+01 6.673876161001501828e+00
1.000000000000000000e+02 5.011872336272725192e+01 8.442435869191630360e+00
1.584893192461114211e+02 5.011872336272725192e+01 1.047533418247741821e+01
2.511886431509582280e+02 5.011872336272725192e+01 1.279090722486707676e+01
3.981071705534977241e+02 5.011872336272725192e+01 1.542014099209931821e+01
6.309573444801942514e+02 5.011872336272725192e+01 1.839514635265791043e+01
1.000000000000000000e+03 5.011872336272725192e+01 2.173130850803546110e+01
1.584893192461114040e+03 5.011872336272725192e+01 2.541292354940367204e+01
2.511886431509582053e+03 5.011872336272725192e+01 2.941706569622209955e+01
3.981071705534977355e+03 5.011872336272725192e+01 3.374018609581136730e+01
6.309573444801942969e+03 5.011872336272725192e+01 3.838729173081989643e+01
1.000000000000000000e+04 5.011872336272725192e+01 4.336105879521449680e+01
1.000000000000000021e-03 6.309573444801936404e+01 1.342999395165747749e-06
1.584893192461114082e-03 6.309573444801936404e+01 3.362009204359613441e-06
2.511886431509579437e-03 6.309573444801936404e+01 8.390453940732689177e-06
3.981071705534973415e-03 6.309573444801936404e+01 2.082073146793081582e-05
6.309573444801930275e-03 6.309573444801936404e+01 5.117151135290040712e-05
1.000000000000000021e-02 6.309573444801936404e+01 1.239370554120936311e-04
1.584893192461114125e-02 6.309573444801936404e+01 2.942897454823670679e-04
2.511886431509580825e-02 6.309573444801936404e+01 6.825064201655164616e-04
3.981071705534973415e-02 6.309573444801936404e+01 1.542209978048787473e-03
6.309573444801933051e-02 6.309573444801936404e+01 3.390064418097754259e-03
1.000000000000000056e-01 6.309573444801936404e+01 7.242480604915097105e-03
1.584893192461114264e-01 6.309573444801936404e+01 1.502527128648506807e-02
2.511886431509582351e-01 6.309573444801936404e+01 3.022419175008186562e-02
3.981071705534973137e-01 6.309573444801936404e+01 5.880812209512596700e-02
6.309573444801935826e-01 6.309573444801936404e+01 1.103512107714373081e-01
1.000000000000000000e+00 6.309573444801936404e+01 1.991178469522703331e-01
1.584893192461114042e+00 6.309573444801936404e+01 3.448815270563964641e-01
2.511886431509582351e+00 6.309573444801936404e+01 5.725949384104382922e-01
3.981071705534973137e+00 6.309573444801936404e+01 9.107263806162307906e-01
6.309573444801936049e+00 6.309573444801936404e+01 1.388262848286594187e+00
1.000000000000000000e+01 6.309573444801936404e+01 2.028617791848692065e+00
1.584893192461114175e+01 6.309573444801936404e+01 2.851771824724528948e+00
2.511886431509581996e+01 6.309573444801936404e+01 3.885125081493440380e+00
3.981071705534977667e+01 6.309573444801936404e+01 5.153189185671045891e+00
6.309573444801942799e+01 6.309573444801936404e+01 6.666170090896730294e+00
1.000000000000000000e+02 6.309573444801936404e+01 8.433249609918911815e+00
1.584893192461114211e+02 6.309573444801936404e+01 1.046744707619919623e+01
2.511886431509582280e+02 6.309573444801936404e+01 1.278742661227517274e+01
3.981071705534977241e+02 6.309573444801936404e+01 1.541943540378703936e+01
6.309573444801942514e+02 6.309573444801936404e+01 1.839497975634836990e+01
1.000000000000000000e+03 6.309573444801936404e+01 2.173114305438498661e+01
1.584893192461114040e+03 6.309573444801936404e+01 2.541295243802058579e+01
2.511886431509582053e+03 6.309573444801936404e+01 2.941719598201660091e+01
3.981071705534977355e+03 6.309573444801936404e+01 3.374027130521117357e+01
6.309573444801942969e+03 6.309573444801936404e+01 3.838728380904029791e+01
1.000000000000000000e+04 6.309573444801936404e+01 4.336112086999814608e+01
1.000000000000000021e-03 7.943282347242814012e+01 1.368164922364702004e-06
1.584893192461114082e-03 7.943282347242814012e+01 3.421831860679333083e-06
2.511886431509579437e-03 7.943282347242814012e+01 8.524474732285122836e-06
3.981071705534973415e-03 7.943282347242814012e+01 2.109181716367815651e-05
6.309573444801930275e-03 7.943282347242814012e+01 5.163499421082609370e-05
1.000000000000000021e-02 7.943282347242814012e+01 1.245236865825859781e-04
1.584893192461114125e-02 7.943282347242814012e+01 2.947070059566116239e-04
2.511886431509580825e-02 7.943282347242814012e+01 6.822316840705043919e-04
3.981071705534973415e-02 7.943282347242814012e+01 1.540441122050968756e-03
6.309573444801933051e-02 7.943282347242814012e+01 3.385459879462522723e-03
1.000000000000000056e-01 7.943282347242814012e+01 7.232515377001861277e-03
1.584893192461114264e-01 7.943282347242814012e+01 1.500529840105813313e-02
2.511886431509582351e-01 7.943282347242814012e+01 3.018728821365273401e-02
3.981071705534973137e-01 7.943282347242814012e+01 5.874558103480864713e-02
6.309573444801935826e-01 7.943282347242814012e+01 1.102519685527501569e-01
1.000000000000000000e+00 7.943282347242814012e+01 1.990159565722922352e-01
1.584893192461114042e+00 7.943282347242814012e+01 3.447130453706736541e-01
2.511886431509582351e+00 7.943282347242814012e+01 5.721646072037303021e-01
3.981071705534973137e+00 7.943282347242814012e+01 9.101289328419093216e-01
6.309573444801936049e+00 7.943282347242814012e+01 1.387442208686136436e+00
1.000000000000000000e+01 7.943282347242814012e+01 2.027512035584323691e+00
1.584893192461114175e+01 7.943282347242814012e+01 2.850297012331468149e+00
2.511886431509581996e+01 7.943282347242814012e+01 3.883202011668404730e+00
3.981071705534977667e+01 7.943282347242814012e+01 5.150781170727448455e+00
6.309573444801942799e+01 7.943282347242814012e+01 6.663288907013292572e+00
1.000000000000000000e+02 7.943282347242814012e+01 8.430755562924938218e+00
1.584893192461114211e+02 7.943282347242814012e+01 1.046635303977816811e+01
2.511886431509582280e+02 7.943282347242814012e+01 1.278721630692641753e+01
3.981071705534977241e+02 7.943282347242814012e+01 1.541939164515067162e+01
6.309573444801942514e+02 7.943282347242814012e+01 1.839493166301518201e+01
1.000000000000000000e+03 7.943282347242814012e+01 2.173115463962411553e+01
1.584893192461114040e+03 7.943282347242814012e+01 2.541299855285540232e+01
2.511886431509582053e+03 7.943282347242814012e+01 2.941722546903968549e+01
3.981071705534977355e+03 7.943282347242814012e+01 3.374026989040361002e+01
6.309573444801942969e+03 7.943282347242814012e+01 3.838730600703888030e+01
1.000000000000000000e+04 7.943282347242814012e+01 4.336112489167825146e+01
1.000000000000000021e-03 1.000000000000000000e+02 1.384171969785497574e-06
1.584893192461114082e-03 1.000000000000000000e+02 3.457705525632807280e-06
2.511886431509579437e-03 1.000000000000000000e+02 8.597175809693330617e-06
3.981071705534973415e-03 1.000000000000000000e+02 2.122166055669759611e-05
6.309573444801930275e-03 1.000000000000000000e+02 5.180103357053263938e-05
1.000000000000000021e-02 1.000000000000000000e+02 1.246448717318942244e-04
1.584893192461114125e-02 1.000000000000000000e+02 2.946291018888328480e-04
2.511886431509580825e-02 1.000000000000000000e+02 6.817358528355422489e-04
3.981071705534973415e-02 1.000000000000000000e+02 1.539129684195056054e-03
6.309573444801933051e-02 1.000000000000000000e+02 3.382596582502779385e-03
1.000000000000000056e-01 1.000000000000000000e+02 7.226841602747858043e-03
1.584893192461114264e-01 1.000000000000000000e+02 1.499477691272164785e-02
2.511886431509582351e-01 1.000000000000000000e+02 3.016937674084691975e-02
3.981071705534973137e-01 1.000000000000000000e+02 5.871690234906882383e-02
6.309573444801935826e-01 1.000000000000000000e+02 1.102225790273193839e-01
1.000000000000000000e+00 1.000000000000000000e+02 1.989688839896599226e-01
1.584893192461114042e+00 1.000000000000000000e+02 3.445894476980393972e-01
2.511886431509582351e+00 1.000000000000000000e+02 5.719924815255420514e-01
3.981071705534973137e+00 1.000000000000000000e+02 9.098925898753663644e-01
6.309573444801936049e+00 1.000000000000000000e+02 1.387123286813880085e+00
1.000000000000000000e+01 1.000000000000000000e+02 2.027086592862017422e+00
1.584893192461114175e+01 1.000000000000000000e+02 2.849741428213515615e+00
2.511886431509581996e+01 1.000000000000000000e+02 3.882506228276976223e+00
3.981071705534977667e+01 1.000000000000000000e+02 5.149946737787703732e+00
6.309573444801942799e+01 1.000000000000000000e+02 6.662562570840432130e+00
1.000000000000000000e+02 1.000000000000000000e+02 8.430437733787314869e+00
1.584893192461114211e+02 1.000000000000000000e+02 1.046629385124014355e+01
2.511886431509582280e+02 1.000000000000000000e+02 1.278720503047811263e+01
3.981071705534977241e+02 1.000000000000000000e+02 1.541937781753963499e+01
6.309573444801942514e+02 1.000000000000000000e+02 1.839493419171923350e+01
1.000000000000000000e+03 1.000000000000000000e+02 2.173116888475285791e+01
1.584893192461114040e+03 1.000000000000000000e+02 2.541300759759466743e+01
2.511886431509582053e+03 1.000000000000000000e+02 2.941722524212411471e+01
3.981071705534977355e+03 1.000000000000000000e+02 3.374027669672225471e+01
6.309573444801942969e+03 1.000000000000000000e+02 3.838730731546603181e+01
1.000000000000000000e+04 1.000000000000000000e+02 4.336111803207087689e+01
