1.000000000000000048e-04 1.000000000000000021e-03 1.175169547801464871e-19
1.584893192461114190e-04 1.000000000000000021e-03 2.952154146284815790e-19
2.511886431509579545e-04 1.000000000000000021e-03 7.415889111582211391e-19
3.981071705534973523e-04 1.000000000000000021e-03 1.862852853425336034e-18
6.309573444801929842e-04 1.000000000000000021e-03 4.679376782813576183e-18
1.000000000000000021e-03 1.000000000000000021e-03 1.175422803818741022e-17
1.584893192461114082e-03 1.000000000000000021e-03 2.952554505651153946e-17
2.511886431509582039e-03 1.000000000000000021e-03 7.416523116458500172e-17
3.981071705534973415e-03 1.000000000000000021e-03 1.862952884566664113e-16
6.309573444801930275e-03 1.000000000000000021e-03 4.679536537894843364e-16
1.000000000000000021e-02 1.000000000000000021e-03 1.175448053746600360e-15
1.584893192461114125e-02 1.000000000000000021e-03 2.952594596108522808e-15
2.511886431509582213e-02 1.000000000000000021e-03 7.416586325416810391e-15
3.981071705534973415e-02 1.000000000000000021e-03 1.862962845929690330e-14
6.309573444801935826e-02 1.000000000000000021e-03 4.679551889300732452e-14
1.000000000000000056e-01 1.000000000000000021e-03 1.175450361093269066e-13
1.584893192461114264e-01 1.000000000000000021e-03 2.952597701319156425e-13
2.511886431509582351e-01 1.000000000000000021e-03 7.416589029180926294e-13
3.981071705534973137e-01 1.000000000000000021e-03 1.862962411141418599e-12
6.309573444801935826e-01 1.000000000000000021e-03 4.679547757285117082e-12
1.000000000000000000e+00 1.000000000000000021e-03 1.175448332574696561e-11
1.584893192461114042e+00 1.000000000000000021e-03 2.952589019044919133e-11
2.511886431509582351e+00 1.000000000000000021e-03 7.416553510071817235e-11
3.981071705534977578e+00 1.000000000000000021e-03 1.862948117104458881e-10
6.309573444801943154e+00 1.000000000000000021e-03 4.679490610468747916e-10
1.000000000000000000e+01 1.000000000000000021e-03 1.175425544135898439e-09
1.584893192461114175e+01 1.000000000000000021e-03 2.952498237441819782e-09
2.511886431509581996e+01 1.000000000000000021e-03 7.416192012072550519e-09
3.981071705534977667e+01 1.000000000000000021e-03 1.862804191062555673e-08
6.309573444801942799e+01 1.000000000000000021e-03 4.678917632139945815e-08
1.000000000000000000e+02 1.000000000000000021e-03 1.175197449782989606e-07
1.584893192461114211e+02 1.000000000000000021e-03 2.951590273979852279e-07
2.511886431509582280e+02 1.000000000000000021e-03 7.412577981205482611e-07
3.981071705534977241e+02 1.000000000000000021e-03 1.861365825713833516e-06
6.309573444801942514e+02 1.000000000000000021e-03 4.673193965359126322e-06
1.000000000000000000e+03 1.000000000000000021e-03 1.172920437352911602e-05
1.584893192461114040e+03 1.000000000000000021e-03 2.942535534043501467e-05
2.511886431509582053e+03 1.000000000000000021e-03 7.376594677303998141e-05
3.981071705534977355e+03 1.000000000000000021e-03 1.847081006673459403e-04
6.309573444801942969e+03 1.000000000000000021e-03 4.616578379265694676e-04
1.000000000000000000e+04 1.000000000000000021e-03 1.150539651675134764e-03
1.000000000000000048e-04 1.584893192461114082e-03 7.415922840026349197e-19
1.584893192461114190e-04 1.584893192461114082e-03 1.862829768153190438e-18
2.511886431509579545e-04 1.584893192461114082e-03 4.679271135061576349e-18
3.981071705534973523e-04 1.584893192461114082e-03 1.175388369066152077e-17
6.309573444801929842e-04 1.584893192461114082e-03 2.952455578740141052e-17
1.000000000000000021e-03 1.584893192461114082e-03 7.416254739605907422e-17
1.584893192461114082e-03 1.584893192461114082e-03 1.862882341909077591e-16
2.511886431509582039e-03 1.584893192461114082e-03 4.679354369564915997e-16
3.981071705534973415e-03 1.584893192461114082e-03 1.175401496335984711e-15
6.309573444801930275e-03 1.584893192461114082e-03 2.952476416186454749e-15
1.000000000000000021e-02 1.584893192461114082e-03 7.416287425208929937e-15
1.584893192461114125e-02 1.584893192461114082e-03 1.862887454715469319e-14
2.511886431509582213e-02 1.584893192461114082e-03 4.679362035185413397e-14
3.981071705534973415e-02 1.584893192461114082e-03 1.175402591855393852e-13
6.309573444801935826e-02 1.584893192461114082e-03 2.952477587699252560e-13
1.000000000000000056e-01 1.584893192461114082e-03 7.416287123639245537e-13
1.584893192461114264e-01 1.584893192461114082e-03 1.862886543694751540e-12
2.511886431509582351e-01 1.584893192461114082e-03 4.679357136144525958e-12
3.981071705534973137e-01 1.584893192461114082e-03 1.175400443133846403e-11
6.309573444801935826e-01 1.584893192461114082e-03 2.952468714427220547e-11
1.000000000000000000e+00 1.584893192461114082e-03 7.416251299182179667e-11
1.584893192461114042e+00 1.584893192461114082e-03 1.862872202492075546e-10
2.511886431509582351e+00 1.584893192461114082e-03 4.679299918135518374e-10
3.981071705534977578e+00 1.584893192461114082e-03 1.175377644232024511e-09
6.309573444801943154e+00 1.584893192461114082e-03 2.952377919573535798e-09
1.000000000000000000e+01 1.584893192461114082e-03 7.415889794978181184e-09
1.584893192461114175e+01 1.584893192461114082e-03 1.862728281181302865e-08
2.511886431509581996e+01 1.584893192461114082e-03 4.678726970222955842e-08
3.981071705534977667e+01 1.584893192461114082e-03 1.175149563795578357e-07
6.309573444801942799e+01 1.584893192461114082e-03 2.951470014371796108e-07
1.000000000000000000e+02 1.584893192461114082e-03 7.412276000736959460e-07
1.584893192461114211e+02 1.584893192461114082e-03 1.861290010695022769e-06
2.511886431509582280e+02 1.584893192461114082e-03 4.673003681987506686e-06
3.981071705534977241e+02 1.584893192461114082e-03 1.172872702088779748e-05
6.309573444801942514e+02 1.584893192461114082e-03 2.942415873744490235e-05
1.000000000000000000e+03 1.584893192461114082e-03 7.376295076709415348e-05
1.584893192461114040e+03 1.584893192461114082e-03 1.847006135101363468e-04
2.511886431509582053e+03 1.584893192461114082e-03 4.616391826483222643e-04
3.981071705534977355e+03 1.584893192461114082e-03 1.150493385757129410e-03
6.309573444801942969e+03 1.584893192461114082e-03 2.854305714854450497e-03
1.000000000000000000e+04 1.584893192461114082e-03 7.031580828574295061e-03
1.000000000000000048e-04 2.511886431509579437e-03 4.678762174321581658e-18
1.584893192461114190e-04 2.511886431509579437e-03 1.175263318396447337e-17
2.511886431509579545e-04 2.511886431509579437e-03 2.952145836511656330e-17
3.981071705534973523e-04 2.511886431509579437e-03 7.415483896692480354e-17
6.309573444801929842e-04 2.511886431509579437e-03 1.862689768448245709e-16
1.000000000000000021e-03 2.511886431509579437e-03 4.678872374770577562e-16
1.584893192461114082e-03 2.511886431509579437e-03 1.175280728107999068e-15
2.511886431509582039e-03 2.511886431509579437e-03 2.952173461407007355e-15
3.981071705534973415e-03 2.511886431509579437e-03 7.415527137867264591e-15
6.309573444801930275e-03 2.511886431509579437e-03 1.862696592804632973e-14
1.000000000000000021e-02 2.511886431509579437e-03 4.678882780045187044e-14
1.584893192461114125e-02 2.511886431509579437e-03 1.175282237771045332e-13
2.511886431509582213e-02 2.511886431509579437e-03 2.952175312999297878e-13
3.981071705534973415e-02 2.511886431509579437e-03 7.415527918261314799e-13
6.309573444801935826e-02 2.511886431509579437e-03 1.862695851457049323e-12
1.000000000000000056e-01 2.511886431509579437e-03 4.678878155724051563e-12
1.584893192461114264e-01 2.511886431509579437e-03 1.175280131810729189e-11
2.511886431509582351e-01 2.511886431509579437e-03 2.952166510767683078e-11
3.981071705534973137e-01 2.511886431509579437e-03 7.415492207476742898e-11
6.309573444801935826e-01 2.511886431509579437e-03 1.862681529309695874e-10
1.000000000000000000e+00 2.511886431509579437e-03 4.678820974568888230e-10
1.584893192461114042e+00 2.511886431509579437e-03 1.175257340853377911e-09
2.511886431509582351e+00 2.511886431509579437e-03 2.952075737849905765e-09
3.981071705534977578e+00 2.511886431509579437e-03 7.415130774220134587e-09
6.309573444801943154e+00 2.511886431509579437e-03 1.862537633716286798e-08
1.000000000000000000e+01 2.511886431509579437e-03 4.678248124731066411e-08
1.584893192461114175e+01 2.511886431509579437e-03 1.175029298851490169e-07
2.511886431509581996e+01 2.511886431509579437e-03 2.951167984517451072e-07
3.981071705534977667e+01 2.511886431509579437e-03 7.411517582735860441e-07
6.309573444801942799e+01 2.511886431509579437e-03 1.861099602848579942e-06
1.000000000000000000e+02 2.511886431509579437e-03 4.672525789382240561e-06
1.584893192461114211e+02 2.511886431509579437e-03 1.172752816028046069e-05
2.511886431509582280e+02 2.511886431509579437e-03 2.942115349522011000e-05
3.981071705534977241e+02 2.511886431509579437e-03 7.375542636270967893e-05
6.309573444801942514e+02 2.511886431509579437e-03 1.846818096706052904e-04
1.000000000000000000e+03 2.511886431509579437e-03 4.615923302829138468e-04
1.584893192461114040e+03 2.511886431509579437e-03 1.150377189724365078e-03
2.511886431509582053e+03 2.511886431509579437e-03 2.854019635214307543e-03
3.981071705534977355e+03 2.511886431509579437e-03 7.030884394605384224e-03
6.309573444801942969e+03 2.511886431509579437e-03 1.713288467696551243e-02
1.000000000000000000e+04 2.511886431509579437e-03 4.106247885143179954e-02
1.000000000000000048e-04 3.981071705534973415e-03 2.951404145131651161e-17
1.584893192461114190e-04 3.981071705534973415e-03 7.413604567989059814e-17
2.511886431509579545e-04 3.981071705534973415e-03 1.862215344228131223e-16
3.981071705534973523e-04 3.981071705534973415e-03 4.677676546044441727e-16
6.309573444801929842e-04 3.981071705534973415e-03 1.174979728218407604e-15
1.000000000000000021e-03 3.981071705534973415e-03 2.951416391046002742e-15
1.584893192461114082e-03 3.981071705534973415e-03 7.413623881442003860e-15
2.511886431509582039e-03 3.981071705534973415e-03 1.862218269518621487e-14
3.981071705534973415e-03 3.981071705534973415e-03 4.677680881321177690e-14
6.309573444801930275e-03 3.981071705534973415e-03 1.174980272016267508e-13
1.000000000000000021e-02 3.981071705534973415e-03 2.951416710640129205e-13
1.584893192461114125e-02 3.981071705534973415e-03 7.413622231109035120e-13
2.511886431509582213e-02 3.981071705534973415e-03 1.862217139553145967e-12
3.981071705534973415e-02 3.981071705534973415e-03 4.677675649117423560e-12
6.309573444801935826e-02 3.981071705534973415e-03 1.174978069539939677e-11
1.000000000000000056e-01 3.981071705534973415e-03 2.951407756210406281e-11
1.584893192461114264e-01 3.981071705534973415e-03 7.413586292917769910e-11
2.511886431509582351e-01 3.981071705534973415e-03 1.862202785146168697e-10
3.981071705534973137e-01 3.981071705534973415e-03 4.677618429356898155e-10
6.309573444801935826e-01 3.981071705534973415e-03 1.174955278448116432e-09
1.000000000000000000e+00 3.981071705534973415e-03 2.951317005935548196e-09
1.584893192461114042e+00 3.981071705534973415e-03 7.413224986200943769e-09
2.511886431509582351e+00 3.981071705534973415e-03 1.862058945831390377e-08
3.981071705534977578e+00 3.981071705534973415e-03 4.677045812963983022e-08
6.309573444801943154e+00 3.981071705534973415e-03 1.174727330818954666e-07
1.000000000000000000e+01 3.981071705534973415e-03 2.950409630608937540e-07
1.584893192461114175e+01 3.981071705534973415e-03 7.409613302915683208e-07
2.511886431509581996e+01 3.981071705534973415e-03 1.860621515708761208e-06
3.981071705534977667e+01 3.981071705534973415e-03 4.671325868493697270e-06
6.309573444801942799e+01 3.981071705534973415e-03 1.172451798927846385e-05
1.000000000000000000e+02 3.981071705534973415e-03 2.941360775099279573e-05
1.584893192461114211e+02 3.981071705534973415e-03 7.373653362326006795e-05
2.511886431509582280e+02 3.981071705534973415e-03 1.846345957919838716e-04
3.981071705534977241e+02 3.981071705534973415e-03 4.614746902359488753e-04
6.309573444801942514e+02 3.981071705534973415e-03 1.150085436412860186e-03
1.000000000000000000e+03 3.981071705534973415e-03 2.853301323871691979e-03
1.584893192461114040e+03 3.981071705534973415e-03 7.029135725330444735e-03
2.511886431509582053e+03 3.981071705534973415e-03 1.712870053987555416e-02
3.981071705534977355e+03 3.981071705534973415e-03 4.105272284906002350e-02
6.309573444801942969e+03 3.981071705534973415e-03 9.599002791994840078e-02
1.000000000000000000e+04 3.981071705534973415e-03 2.165870432222198882e-01
1.000000000000000048e-04 6.309573444801930275e-03 1.861014182988093266e-16
1.584893192461114190e-04 6.309573444801930275e-03 4.674659281113660428e-16
2.511886431509579545e-04 6.309573444801930275e-03 1.174221777981587013e-15
3.981071705534973523e-04 6.309573444801930275e-03 2.949512475649506286e-15
6.309573444801929842e-04 6.309573444801930275e-03 7.408841369139398955e-15
1.000000000000000021e-03 6.309573444801930275e-03 1.861016946510251339e-14
1.584893192461114082e-03 6.309573444801930275e-03 4.674663283130833998e-14
2.511886431509582039e-03 6.309573444801930275e-03 1.174222281280587026e-13
3.981071705534973415e-03 6.309573444801930275e-03 2.949512718328710891e-13
6.309573444801930275e-03 6.309573444801930275e-03 7.408839614800011177e-13
1.000000000000000021e-02 6.309573444801930275e-03 1.861015799920884778e-12
1.584893192461114125e-02 6.309573444801930275e-03 4.674658020656466390e-12
2.511886431509582213e-02 6.309573444801930275e-03 1.174220076223721488e-11
3.981071705534973415e-02 6.309573444801930275e-03 2.949503766633317694e-11
6.309573444801935826e-02 6.309573444801930275e-03 7.408803701812674275e-11
1.000000000000000056e-01 6.309573444801930275e-03 1.861001458705454612e-10
1.584893192461114264e-01 6.309573444801930275e-03 4.674600858123597311e-10
2.511886431509582351e-01 6.309573444801930275e-03 1.174197308606969893e-09
3.981071705534973137e-01 6.309573444801930275e-03 2.949413110821980181e-09
6.309573444801935826e-01 6.309573444801930275e-03 7.408442773272980228e-09
1.000000000000000000e+00 6.309573444801930275e-03 1.860857770131465547e-08
1.584893192461114042e+00 6.309573444801930275e-03 4.674028842376611621e-08
2.511886431509582351e+00 6.309573444801930275e-03 1.173969600131401572e-07
3.981071705534977578e+00 6.309573444801930275e-03 2.948506687468851824e-07
6.309573444801943154e+00 6.309573444801930275e-03 7.404834879022975792e-07
1.000000000000000000e+01 6.309573444801930275e-03 1.859421847829440801e-06
1.584893192461114175e+01 6.309573444801930275e-03 4.668314896566436009e-06
2.511886431509581996e+01 6.309573444801930275e-03 1.171696453770337214e-05
3.981071705534977667e+01 6.309573444801930275e-03 2.939467312625902701e-05
6.309573444801942799e+01 6.309573444801930275e-03 7.368912579130240160e-05
1.000000000000000000e+02 6.309573444801930275e-03 1.845161210734869769e-04
1.584893192461114211e+02 6.309573444801930275e-03 4.611794928379134208e-04
2.511886431509582280e+02 6.309573444801930275e-03 1.149353328321949148e-03
3.981071705534977241e+02 6.309573444801930275e-03 2.851498823535505035e-03
6.309573444801942514e+02 6.309573444801930275e-03 7.024747638357501864e-03
1.000000000000000000e+03 6.309573444801930275e-03 1.711820074499827843e-02
1.584893192461114040e+03 6.309573444801930275e-03 4.102824025261551932e-02
2.511886431509582053e+03 6.309573444801930275e-03 9.593504360081649140e-02
3.981071705534977355e+03 6.309573444801930275e-03 2.164697928854880660e-01
6.309573444801942969e+03 6.309573444801930275e-03 4.650761273122044903e-01
1.000000000000000000e+04 6.309573444801930275e-03 9.379574294711117144e-01
1.000000000000000048e-04 1.000000000000000021e-02 1.172323284728500194e-15
1.584893192461114190e-04 1.000000000000000021e-02 2.944743105669429371e-15
2.511886431509579545e-04 1.000000000000000021e-02 7.396860393297305251e-15
3.981071705534973523e-04 1.000000000000000021e-02 1.858007317175720898e-14
6.309573444801929842e-04 1.000000000000000021e-02 4.667103211840408569e-14
1.000000000000000021e-03 1.000000000000000021e-02 1.172323240951357234e-13
1.584893192461114082e-03 1.000000000000000021e-02 2.944742492548727720e-13
2.511886431509582039e-03 1.000000000000000021e-02 7.396857264948934930e-13
3.981071705534973415e-03 1.000000000000000021e-02 1.858005956849615435e-12
6.309573444801930275e-03 1.000000000000000021e-02 4.667097620353636852e-12
1.000000000000000021e-02 1.000000000000000021e-02 1.172320988619500911e-11
1.584893192461114125e-02 1.000000000000000021e-02 2.944733478518410818e-11
2.511886431509582213e-02 1.000000000000000021e-02 7.396821310160225863e-11
3.981071705534973415e-02 1.000000000000000021e-02 1.857991632085416762e-10
6.309573444801935826e-02 1.000000000000000021e-02 4.667040574951846531e-10
1.000000000000000056e-01 1.000000000000000021e-02 1.172298275534156061e-09
1.584893192461114264e-01 1.000000000000000021e-02 2.944643052549645290e-09
2.511886431509582351e-01 1.000000000000000021e-02 7.396461316942058035e-09
3.981071705534973137e-01 1.000000000000000021e-02 1.857848319149234599e-08
6.309573444801935826e-01 1.000000000000000021e-02 4.666470059702246924e-08
1.000000000000000000e+00 1.000000000000000021e-02 1.172071165189281665e-07
1.584893192461114042e+00 1.000000000000000021e-02 2.943739011358925904e-07
2.511886431509582351e+00 1.000000000000000021e-02 7.392862905625893175e-07
3.981071705534977578e+00 1.000000000000000021e-02 1.856416170760995919e-06
6.309573444801943154e+00 1.000000000000000021e-02 4.660771128375361592e-06
1.000000000000000000e+01 1.000000000000000021e-02 1.169803989800476811e-05
1.584893192461114175e+01 1.000000000000000021e-02 2.934723366759765654e-05
2.511886431509581996e+01 1.000000000000000021e-02 7.357034821424079615e-05
3.981071705534977667e+01 1.000000000000000021e-02 1.842192880795419981e-04
6.309573444801942799e+01 1.000000000000000021e-02 4.604398835746081604e-04
1.000000000000000000e+02 1.000000000000000021e-02 1.147519028919554308e-03
1.584893192461114211e+02 1.000000000000000021e-02 2.846982568809869069e-03
2.511886431509582280e+02 1.000000000000000021e-02 7.013752755235346317e-03
3.981071705534977241e+02 1.000000000000000021e-02 1.709189112090916604e-02
6.309573444801942514e+02 1.000000000000000021e-02 4.096688976449094216e-02
1.000000000000000000e+03 1.000000000000000021e-02 9.579724772545691880e-02
1.584893192461114040e+03 1.000000000000000021e-02 2.161759207532706617e-01
2.511886431509582053e+03 1.000000000000000021e-02 4.644896271924144893e-01
3.981071705534977355e+03 1.000000000000000021e-02 9.368723924649610124e-01
6.309573444801942969e+03 1.000000000000000021e-02 1.753018467001779435e+00
1.000000000000000000e+04 1.000000000000000021e-02 3.025880678765775489e+00
1.000000000000000048e-04 1.584893192461114125e-02 7.366955286660490047e-15
1.584893192461114190e-04 1.584893192461114125e-02 1.850495478746495071e-14
2.511886431509579545e-04 1.584893192461114125e-02 4.648234310179133166e-14
3.981071705534973523e-04 1.584893192461114125e-02 1.167583587494559571e-13
6.309573444801929842e-04 1.584893192461114125e-02 2.932837014814015694e-13
1.000000000000000021e-03 1.584893192461114125e-02 7.366952058089774691e-13
1.584893192461114082e-03 1.584893192461114125e-02 1.850494111108341397e-12
2.511886431509582039e-03 1.584893192461114125e-02 4.648228730630607067e-12
3.981071705534973415e-03 1.584893192461114125e-02 1.167581343498849959e-11
6.309573444801930275e-03 1.584893192461114125e-02 2.932828051876780055e-11
1.000000000000000021e-02 1.584893192461114125e-02 7.366916326579827340e-11
1.584893192461114125e-02 1.584893192461114125e-02 1.850479878242136236e-10
2.511886431509582213e-02 1.584893192461114125e-02 4.648172055841580628e-10
3.981071705534973415e-02 1.584893192461114125e-02 1.167558778922008499e-09
6.309573444801935826e-02 1.584893192461114125e-02 2.932738218662682916e-09
1.000000000000000056e-01 1.584893192461114125e-02 7.366558694997534095e-09
1.584893192461114264e-01 1.584893192461114125e-02 1.850337505791842292e-08
2.511886431509582351e-01 1.584893192461114125e-02 4.647605284833186112e-08
3.981071705534973137e-01 1.584893192461114125e-02 1.167333159100408247e-07
6.309573444801935826e-01 1.584893192461114125e-02 2.931840110443658655e-07
1.000000000000000000e+00 1.584893192461114125e-02 7.362983897086695080e-07
1.584893192461114042e+00 1.584893192461114125e-02 1.848914754057042524e-06
2.511886431509582351e+00 1.584893192461114125e-02 4.641943736785587292e-06
3.981071705534977578e+00 1.584893192461114125e-02 1.165080850199670085e-05
6.309573444801943154e+00 1.584893192461114125e-02 2.922883549194712311e-05
1.000000000000000000e+01 1.584893192461114125e-02 7.327390391587318321e-05
1.584893192461114175e+01 1.584893192461114125e-02 1.834784452231165875e-04
2.511886431509581996e+01 1.584893192461114125e-02 4.585939138790551999e-04
3.981071705534977667e+01 1.584893192461114125e-02 1.142940716593398610e-03
6.309573444801942799e+01 1.584893192461114125e-02 2.835709719347787993e-03
1.000000000000000000e+02 1.584893192461114125e-02 6.986306910397148580e-03
1.584893192461114211e+02 1.584893192461114125e-02 1.702620908410075809e-02
2.511886431509582280e+02 1.584893192461114125e-02 4.081370462096654828e-02
3.981071705534977241e+02 1.584893192461114125e-02 9.545311440447223905e-02
6.309573444801942514e+02 1.584893192461114125e-02 2.154418023359686019e-01
1.000000000000000000e+03 1.584893192461114125e-02 4.630240502082207388e-01
1.584893192461114040e+03 1.584893192461114125e-02 9.341602613694719448e-01
2.511886431509582053e+03 1.584893192461114125e-02 1.748354834328271545e+00
3.981071705534977355e+03 1.584893192461114125e-02 3.018299440839196546e+00
6.309573444801942969e+03 1.584893192461114125e-02 4.818649836876934600e+00
1.000000000000000000e+04 1.584893192461114125e-02 7.180481041524594765e+00
1.000000000000000048e-04 2.511886431509580825e-02 4.601591875033082334e-14
1.584893192461114190e-04 2.511886431509580825e-02 1.155867538214890636e-13
2.511886431509579545e-04 2.511886431509580825e-02 2.903407636220054621e-13
3.981071705534973523e-04 2.511886431509580825e-02 7.293028832133057922e-13
6.309573444801929842e-04 2.511886431509580825e-02 1.831925445605954032e-12
1.000000000000000021e-03 2.511886431509580825e-02 4.601586389930575637e-12
1.584893192461114082e-03 2.511886431509580825e-02 1.155865332240209603e-11
2.511886431509582039e-03 2.511886431509580825e-02 2.903398822130860933e-11
3.981071705534973415e-03 2.511886431509580825e-02 7.292993681833801531e-11
6.309573444801930275e-03 2.511886431509580825e-02 1.831911444246146375e-10
1.000000000000000021e-02 2.511886431509580825e-02 4.601530635662965581e-10
1.584893192461114125e-02 2.511886431509580825e-02 1.155843134112308870e-09
2.511886431509582213e-02 2.511886431509580825e-02 2.903310447460870795e-09
3.981071705534973415e-02 2.511886431509580825e-02 7.292641856604600778e-09
6.309573444801935826e-02 2.511886431509580825e-02 1.831771383199635235e-08
1.000000000000000056e-01 2.511886431509580825e-02 4.600973066051410820e-08
1.584893192461114264e-01 2.511886431509580825e-02 1.155621177017480698e-07
2.511886431509582351e-01 2.511886431509580825e-02 2.902426918351494500e-07
3.981071705534973137e-01 2.511886431509580825e-02 7.289125083475276381e-07
6.309573444801935826e-01 2.511886431509580825e-02 1.830371721662605175e-06
1.000000000000000000e+00 2.511886431509580825e-02 4.595403379501421221e-06
1.584893192461114042e+00 2.511886431509580825e-02 1.153405399618165788e-05
2.511886431509582351e+00 2.511886431509580825e-02 2.893615544702974853e-05
3.981071705534977578e+00 2.511886431509580825e-02 7.254108027584948049e-05
6.309573444801943154e+00 2.511886431509580825e-02 1.816469934235970891e-04
1.000000000000000000e+01 2.511886431509580825e-02 4.540302418804231495e-04
1.584893192461114175e+01 2.511886431509580825e-02 1.131621216726206181e-03
2.511886431509581996e+01 2.511886431509580825e-02 2.807835349436635722e-03
3.981071705534977667e+01 2.511886431509580825e-02 6.918429745031693702e-03
6.309573444801942799e+01 2.511886431509580825e-02 1.686372636745928771e-02
1.000000000000000000e+02 2.511886431509580825e-02 4.043461508087200368e-02
1.584893192461114211e+02 2.511886431509580825e-02 9.460103711814804583e-02
2.511886431509582280e+02 2.511886431509580825e-02 2.136229037045732637e-01
3.981071705534977241e+02 2.511886431509580825e-02 4.593900882996989066e-01
6.309573444801942514e+02 2.511886431509580825e-02 9.274305786384862138e-01
1.000000000000000000e+03 2.511886431509580825e-02 1.736776911252394973e+00
1.584893192461114040e+03 2.511886431509580825e-02 2.999474321406219612e+00
2.511886431509582053e+03 2.511886431509580825e-02 4.789003921214586512e+00
3.981071705534977355e+03 2.511886431509580825e-02 7.134438603227172493e+00
6.309573444801942969e+03 2.511886431509580825e-02 1.003808388160870990e+01
1.000000000000000000e+04 2.511886431509580825e-02 1.349268132660631281e+01
1.000000000000000048e-04 3.981071705534973415e-02 2.832336386319500943e-13
1.584893192461114190e-04 3.981071705534973415e-02 7.114505948699895259e-13
2.511886431509579545e-04 3.981071705534973415e-02 1.787082545198500032e-12
3.981071705534973523e-04 3.981071705534973415e-02 4.488946197924878896e-12
6.309573444801929842e-04 3.981071705534973415e-02 1.127571431298280478e-11
1.000000000000000021e-03 3.981071705534973415e-02 2.832327897043605911e-11
1.584893192461114082e-03 3.981071705534973415e-02 7.114472154791898754e-11
2.511886431509582039e-03 3.981071705534973415e-02 1.787069089565270206e-10
3.981071705534973415e-03 3.981071705534973415e-02 4.488892631089943660e-10
6.309573444801930275e-03 3.981071705534973415e-02 1.127550104080178314e-09
1.000000000000000021e-02 3.981071705534973415e-02 2.832242992748446567e-09
1.584893192461114125e-02 3.981071705534973415e-02 7.114134148343214101e-09
2.511886431509582213e-02 3.981071705534973415e-02 1.786934530141917256e-08
3.981071705534973415e-02 3.981071705534973415e-02 4.488356963673582741e-08
6.309573444801935826e-02 3.981071705534973415e-02 1.127336865703867933e-07
1.000000000000000056e-01 3.981071705534973415e-02 2.831394167870237123e-07
1.584893192461114264e-01 3.981071705534973415e-02 7.110755499155168177e-07
2.511886431509582351e-01 3.981071705534973415e-02 1.785589833716789951e-06
3.981071705534973137e-01 3.981071705534973415e-02 4.483005951622054421e-06
6.309573444801935826e-01 3.981071705534973415e-02 1.125208052432042694e-05
1.000000000000000000e+00 3.981071705534973415e-02 2.822928426980038735e-05
1.584893192461114042e+00 3.981071705534973415e-02 7.077110799300749837e-05
2.511886431509582351e+00 3.981071705534973415e-02 1.772232111124894221e-04
3.981071705534977578e+00 3.981071705534973415e-02 4.430056687299437665e-04
6.309573444801943154e+00 3.981071705534973415e-02 1.104271593852504917e-03
1.000000000000000000e+01 3.981071705534973415e-02 2.740468207474600678e-03
1.584893192461114175e+01 3.981071705534973415e-02 6.754314545355642567e-03
2.511886431509581996e+01 3.981071705534973415e-02 1.647062433950971169e-02
3.981071705534977667e+01 3.981071705534973415e-02 3.951662799949243882e-02
6.309573444801942799e+01 3.981071705534973415e-02 9.253507497054981601e-02
1.000000000000000000e+02 3.981071705534973415e-02 2.092056229493278185e-01
1.584893192461114211e+02 3.981071705534973415e-02 4.505485323244871054e-01
2.511886431509582280e+02 3.981071705534973415e-02 9.110281872979354434e-01
3.981071705534977241e+02 3.981071705534973415e-02 1.708522175386444797e+00
6.309573444801942514e+02 3.981071705534973415e-02 2.953509566207016768e+00
1.000000000000000000e+03 3.981071705534973415e-02 4.716625673957896225e+00
1.584893192461114040e+03 3.981071705534973415e-02 7.022078744158599228e+00
2.511886431509582053e+03 3.981071705534973415e-02 9.865202728184124581e+00
3.981071705534977355e+03 3.981071705534973415e-02 1.322992234927776956e+01
6.309573444801942969e+03 3.981071705534973415e-02 1.709573797985276755e+01
1.000000000000000000e+04 3.981071705534973415e-02 2.143935537178406747e+01
1.000000000000000048e-04 6.309573444801933051e-02 1.684600503513130974e-12
1.584893192461114190e-04 6.309573444801933051e-02 4.231523146910225885e-12
2.511886431509579545e-04 6.309573444801933051e-02 1.062909763127265908e-11
3.981071705534973523e-04 6.309573444801933051e-02 2.669905445365546376e-11
6.309573444801929842e-04 6.309573444801933051e-02 6.706486656474402145e-11
1.000000000000000021e-03 6.309573444801933051e-02 1.684588266092666914e-10
1.584893192461114082e-03 6.309573444801933051e-02 4.231474432401078210e-10
2.511886431509582039e-03 6.309573444801933051e-02 1.062890368821520363e-09
3.981071705534973415e-03 6.309573444801933051e-02 2.669828236823768816e-09
6.309573444801930275e-03 6.309573444801933051e-02 6.706179289982113913e-09
1.000000000000000021e-02 6.309573444801933051e-02 1.684465903941715808e-08
1.584893192461114125e-02 6.309573444801933051e-02 4.230987319945064516e-08
2.511886431509582213e-02 6.309573444801933051e-02 1.062696458465671129e-07
3.981071705534973415e-02 6.309573444801933051e-02 2.669056345970101463e-07
6.309573444801935826e-02 6.309573444801933051e-02 6.703106842458808181e-07
1.000000000000000056e-01 6.309573444801933051e-02 1.683243059498831317e-06
1.584893192461114264e-01 6.309573444801933051e-02 4.226121099504919367e-06
2.511886431509582351e-01 6.309573444801933051e-02 1.060760448925086105e-05
3.981071705534973137e-01 6.309573444801933051e-02 2.661329587916472990e-05
6.309573444801935826e-01 6.309573444801933051e-02 6.672436208864351284e-05
1.000000000000000000e+00 6.309573444801933051e-02 1.671069697712362510e-04
1.584893192461114042e+00 6.309573444801933051e-02 4.177888520604587479e-04
2.511886431509582351e+00 6.309573444801933051e-02 1.041690857334285226e-03
3.981071705534977578e+00 6.309573444801933051e-02 2.586232011112872715e-03
6.309573444801943154e+00 6.309573444801933051e-02 6.378246398756149370e-03
1.000000000000000000e+01 6.309573444801933051e-02 1.556869545081917064e-02
1.584893192461114175e+01 6.309573444801933051e-02 3.740713258968042521e-02
2.511886431509581996e+01 6.309573444801933051e-02 8.777788288192817090e-02
3.981071705534977667e+01 6.309573444801933051e-02 1.990000549017490739e-01
6.309573444801942799e+01 6.309573444801933051e-02 4.300384814734122818e-01
1.000000000000000000e+02 6.309573444801933051e-02 8.727585372891073501e-01
1.584893192461114211e+02 6.309573444801933051e-02 1.642323899124476849e+00
2.511886431509582280e+02 6.309573444801933051e-02 2.845608898981077495e+00
3.981071705534977241e+02 6.309573444801933051e-02 4.546715513507272988e+00
6.309573444801942514e+02 6.309573444801933051e-02 6.758597896380678982e+00
1.000000000000000000e+03 6.309573444801933051e-02 9.460503427293154743e+00
1.584893192461114040e+03 6.309573444801933051e-02 1.261631921197415629e+01
2.511886431509582053e+03 6.309573444801933051e-02 1.618249480859414291e+01
3.981071705534977355e+03 6.309573444801933051e-02 2.011051061954754360e+01
6.309573444801942969e+03 6.309573444801933051e-02 2.434823727578450203e+01
1.000000000000000000e+04 6.309573444801933051e-02 2.884119889876665255e+01
1.000000000000000048e-04 1.000000000000000056e-01 9.415058202070911532e-12
1.584893192461114190e-04 1.000000000000000056e-01 2.364953251546309983e-11
2.511886431509579545e-04 1.000000000000000056e-01 5.940484243324565556e-11
3.981071705534973523e-04 1.000000000000000056e-01 1.492178300154410618e-10
6.309573444801929842e-04 1.000000000000000056e-01 3.748166992920694015e-10
1.000000000000000021e-03 1.000000000000000056e-01 9.414908372304328821e-10
1.584893192461114082e-03 1.000000000000000056e-01 2.364893600074999224e-09
2.511886431509582039e-03 1.000000000000000056e-01 5.940246774116562257e-09
3.981071705534973415e-03 1.000000000000000056e-01 1.489053022801372207e-08
6.309573444801930275e-03 1.000000000000000056e-01 3.740176794722736436e-08
1.000000000000000021e-02 1.000000000000000056e-01 9.395485149934835428e-08
1.584893192461114125e-02 1.000000000000000056e-01 2.360263517529688016e-07
2.511886431509582213e-02 1.000000000000000056e-01 5.927735494255003735e-07
3.981071705534973415e-02 1.000000000000000056e-01 1.488590460344714185e-06
6.309573444801935826e-02 1.000000000000000056e-01 3.737653590830987828e-06
1.000000000000000056e-01 1.000000000000000056e-01 9.382399188084318919e-06
1.584893192461114264e-01 1.000000000000000056e-01 2.354299334696954943e-05
2.511886431509582351e-01 1.000000000000000056e-01 5.904001336618036562e-05
3.981071705534973137e-01 1.000000000000000056e-01 1.479154804129711597e-04
6.309573444801935826e-01 1.000000000000000056e-01 3.700184688961700541e-04
1.000000000000000000e+00 1.000000000000000056e-01 9.234127024851972653e-04
1.584893192461114042e+00 1.000000000000000056e-01 2.295825648398141638e-03
2.511886431509582351e+00 1.000000000000000056e-01 5.674602609442819939e-03
3.981071705534977578e+00 1.000000000000000056e-01 1.390168765839227237e-02
6.309573444801943154e+00 1.000000000000000056e-01 3.368208487028672565e-02
1.000000000000000000e+01 1.000000000000000056e-01 8.019730386734900962e-02
1.584893192461114175e+01 1.000000000000000056e-01 1.840863758232376968e-01
2.511886431509581996e+01 1.000000000000000056e-01 4.034158616987272850e-01
3.981071705534977667e+01 1.000000000000000056e-01 8.125190465487653890e-01
6.309573444801942799e+01 1.000000000000000056e-01 1.516243358636831573e+00
1.000000000000000000e+02 1.000000000000000056e-01 2.616830843851317923e+00
1.584893192461114211e+02 1.000000000000000056e-01 4.169516099251546315e+00
2.511886431509582280e+02 1.000000000000000056e-01 6.171099285383377264e+00
3.981071705534977241e+02 1.000000000000000056e-01 8.575214515468978504e+00
6.309573444801942514e+02 1.000000000000000056e-01 1.131255592533068111e+01
1.000000000000000000e+03 1.000000000000000056e-01 1.430264317580655131e+01
1.584893192461114040e+03 1.000000000000000056e-01 1.746456893899317109e+01
2.511886431509582053e+03 1.000000000000000056e-01 2.070783716042469891e+01
3.981071705534977355e+03 1.000000000000000056e-01 2.394035122310265606e+01
6.309573444801942969e+03 1.000000000000000056e-01 2.707784188514859736e+01
1.000000000000000000e+04 1.000000000000000056e-01 3.004368202728714721e+01
1.000000000000000048e-04 1.584893192461114264e-01 4.615581707094611893e-11
1.584893192461114190e-04 1.584893192461114264e-01 1.159379895552923017e-10
2.511886431509579545e-04 1.584893192461114264e-01 2.912223420168150551e-10
3.981071705534973523e-04 1.584893192461114264e-01 7.315145795492228814e-10
6.309573444801929842e-04 1.584893192461114264e-01 1.837470121886517716e-09
1.000000000000000021e-03 1.584893192461114264e-01 4.615470784899031096e-09
1.584893192461114082e-03 1.584893192461114264e-01 1.159335737537496527e-08
2.511886431509582039e-03 1.584893192461114264e-01 2.913565056985246101e-08
3.981071705534973415e-03 1.584893192461114264e-01 7.318258571176536328e-08
6.309573444801930275e-03 1.584893192461114264e-01 1.838149610960123221e-07
1.000000000000000021e-02 1.584893192461114264e-01 4.616769991028862417e-07
1.584893192461114125e-02 1.584893192461114264e-01 1.159499872953180190e-06
2.511886431509582213e-02 1.584893192461114264e-01 2.911814496502642774e-06
3.981071705534973415e-02 1.584893192461114264e-01 7.311293121560678765e-06
6.309573444801935826e-02 1.584893192461114264e-01 1.835330596012568245e-05
1.000000000000000056e-01 1.584893192461114264e-01 4.605632203685952809e-05
1.584893192461114264e-01 1.584893192461114264e-01 1.155092658465316864e-04
2.511886431509582351e-01 1.584893192461114264e-01 2.894370872447744750e-04
3.981071705534973137e-01 1.584893192461114264e-01 7.242264501420062582e-04
6.309573444801935826e-01 1.584893192461114264e-01 1.808158443689357421e-03
1.000000000000000000e+00 1.584893192461114264e-01 4.498868946850408460e-03
1.584893192461114042e+00 1.584893192461114264e-01 1.113831131528537736e-02
2.511886431509582351e+00 1.584893192461114264e-01 2.759232604100720493e-02
3.981071705534977578e+00 1.584893192461114264e-01 6.886116863964315826e-02
6.309573444801943154e+00 1.584893192461114264e-01 1.681016197058252670e-01
1.000000000000000000e+01 1.584893192461114264e-01 3.917081063942682295e-01
1.584893192461114175e+01 1.584893192461114264e-01 8.092001091217936315e-01
2.511886431509581996e+01 1.584893192461114264e-01 1.450491182076324881e+00
3.981071705534977667e+01 1.584893192461114264e-01 2.362054253431744133e+00
6.309573444801942799e+01 1.584893192461114264e-01 3.612650613692640622e+00
1.000000000000000000e+02 1.584893192461114264e-01 5.221858447184386520e+00
1.584893192461114211e+02 1.584893192461114264e-01 7.155254502807335548e+00
2.511886431509582280e+02 1.584893192461114264e-01 9.345167809365694467e+00
3.981071705534977241e+02 1.584893192461114264e-01 1.170564691602646867e+01
6.309573444801942514e+02 1.584893192461114264e-01 1.416087761984069537e+01
1.000000000000000000e+03 1.584893192461114264e-01 1.665067639174292324e+01
1.584893192461114040e+03 1.584893192461114264e-01 1.908121300910457663e+01
2.511886431509582053e+03 1.584893192461114264e-01 2.133492433113958597e+01
3.981071705534977355e+03 1.584893192461114264e-01 2.332185652305995305e+01
6.309573444801942969e+03 1.584893192461114264e-01 2.497999377946831601e+01
1.000000000000000000e+04 1.584893192461114264e-01 2.626613234873380520e+01
1.000000000000000048e-04 2.511886431509582351e-01 1.668306913011296207e-10
1.584893192461114190e-04 2.511886431509582351e-01 4.190590607401261072e-10
2.511886431509579545e-04 2.511886431509582351e-01 1.052626025350420682e-09
3.981071705534973523e-04 2.511886431509582351e-01 2.644066109268791561e-09
6.309573444801929842e-04 2.511886431509582351e-01 6.641550307044317842e-09
1.000000000000000021e-03 2.511886431509582351e-01 1.668264702358480312e-08
1.584893192461114082e-03 2.511886431509582351e-01 4.190877650642858781e-08
2.511886431509582039e-03 2.511886431509582351e-01 1.052305449268730665e-07
3.981071705534973415e-03 2.511886431509582351e-01 2.643162062028130680e-07
6.309573444801930275e-03 2.511886431509582351e-01 6.638872701140717213e-07
1.000000000000000021e-02 2.511886431509582351e-01 1.667448049954164228e-06
1.584893192461114125e-02 2.511886431509582351e-01 4.187748897602899811e-06
2.511886431509582213e-02 2.511886431509582351e-01 1.051633908196854343e-05
3.981071705534973415e-02 2.511886431509582351e-01 2.640475511316599233e-05
6.309573444801935826e-02 2.511886431509582351e-01 6.628261596869248833e-05
1.000000000000000056e-01 2.511886431509582351e-01 1.663223028845409320e-04
1.584893192461114264e-01 2.511886431509582351e-01 4.171030583967243535e-04
2.511886431509582351e-01 2.511886431509582351e-01 1.045039079960746135e-03
3.981071705534973137e-01 2.511886431509582351e-01 2.614548483039501586e-03
6.309573444801935826e-01 2.511886431509582351e-01 6.527986922271342141e-03
1.000000000000000000e+00 2.511886431509582351e-01 1.633502520432588562e-02
1.584893192461114042e+00 2.511886431509582351e-01 4.143379840698015182e-02
2.511886431509582351e+00 2.511886431509582351e-01 1.058285057693437448e-01
3.981071705534977578e+00 2.511886431509582351e-01 2.651208154106627912e-01
6.309573444801943154e+00 2.511886431509582351e-01 6.139769502467652407e-01
1.000000000000000000e+01 2.511886431509582351e-01 1.245348383572814521e+00
1.584893192461114175e+01 2.511886431509582351e-01 2.166025387185055440e+00
2.511886431509581996e+01 2.511886431509582351e-01 3.281083197603010149e+00
3.981071705534977667e+01 2.511886431509582351e-01 4.590829660295800529e+00
6.309573444801942799e+01 2.511886431509582351e-01 6.130966947169558701e+00
1.000000000000000000e+02 2.511886431509582351e-01 7.874826919511436429e+00
1.584893192461114211e+02 2.511886431509582351e-01 9.769955744100414563e+00
2.511886431509582280e+02 2.511886431509582351e-01 1.176385379037066947e+01
3.981071705534977241e+02 2.511886431509582351e-01 1.383124425558726678e+01
6.309573444801942514e+02 2.511886431509582351e-01 1.598711998671603496e+01
1.000000000000000000e+03 2.511886431509582351e-01 1.823830236906288249e+01
1.584893192461114040e+03 2.511886431509582351e-01 2.048833249121945244e+01
2.511886431509582053e+03 2.511886431509582351e-01 2.262095541634169038e+01
3.981071705534977355e+03 2.511886431509582351e-01 2.458402906967661750e+01
6.309573444801942969e+03 2.511886431509582351e-01 2.635587604446740428e+01
1.000000000000000000e+04 2.511886431509582351e-01 2.792843744144187212e+01
1.000000000000000048e-04 3.981071705534973137e-01 4.356778132087766505e-10
1.584893192461114190e-04 3.981071705534973137e-01 1.094371591378118951e-09
2.511886431509579545e-04 3.981071705534973137e-01 2.748930797106475259e-09
3.981071705534973523e-04 3.981071705534973137e-01 6.904976674675702236e-09
6.309573444801929842e-04 3.981071705534973137e-01 1.734441652096904019e-08
1.000000000000000021e-03 3.981071705534973137e-01 4.347173466828666317e-08
1.584893192461114082e-03 3.981071705534973137e-01 1.092102123256476379e-07
2.511886431509582039e-03 3.981071705534973137e-01 2.743168570381277237e-07
3.981071705534973415e-03 3.981071705534973137e-01 6.890492381712396560e-07
6.309573444801930275e-03 3.981071705534973137e-01 1.730705979657952525e-06
1.000000000000000021e-02 3.981071705534973137e-01 4.346909527541754845e-06
1.584893192461114125e-02 3.981071705534973137e-01 1.091724453590761500e-05
2.511886431509582213e-02 3.981071705534973137e-01 2.741613373484107211e-05
3.981071705534973415e-02 3.981071705534973137e-01 6.883767066405573586e-05
6.309573444801935826e-02 3.981071705534973137e-01 1.728068735323508493e-04
1.000000000000000056e-01 3.981071705534973137e-01 4.336534514165179795e-04
1.584893192461114264e-01 3.981071705534973137e-01 1.087653389418064692e-03
2.511886431509582351e-01 3.981071705534973137e-01 2.725885152508635001e-03
3.981071705534973137e-01 3.981071705534973137e-01 6.838639200104031958e-03
6.309573444801935826e-01 3.981071705534973137e-01 1.728429850241205643e-02
1.000000000000000000e+00 3.981071705534973137e-01 4.415695293536345961e-02
1.584893192461114042e+00 3.981071705534973137e-01 1.133210437653855845e-01
2.511886431509582351e+00 3.981071705534973137e-01 2.836120989150586746e-01
3.981071705534977578e+00 3.981071705534973137e-01 6.594207764174941921e-01
6.309573444801943154e+00 3.981071705534973137e-01 1.335585124038048521e+00
1.000000000000000000e+01 3.981071705534973137e-01 2.323460734597484478e+00
1.584893192461114175e+01 3.981071705534973137e-01 3.524564789092251793e+00
2.511886431509581996e+01 3.981071705534973137e-01 4.863501800889703297e+00
3.981071705534977667e+01 3.981071705534973137e-01 6.333249537756971748e+00
6.309573444801942799e+01 3.981071705534973137e-01 7.932069763809827201e+00
1.000000000000000000e+02 3.981071705534973137e-01 9.630409766446332398e+00
1.584893192461114211e+02 3.981071705534973137e-01 1.140155857360672798e+01
2.511886431509582280e+02 3.981071705534973137e-01 1.324785613265342299e+01
3.981071705534977241e+02 3.981071705534973137e-01 1.523024154165969790e+01
6.309573444801942514e+02 3.981071705534973137e-01 1.742651942147799815e+01
1.000000000000000000e+03 3.981071705534973137e-01 1.982962071902606738e+01
1.584893192461114040e+03 3.981071705534973137e-01 2.234326017235957806e+01
2.511886431509582053e+03 3.981071705534973137e-01 2.488029179734032681e+01
3.981071705534977355e+03 3.981071705534973137e-01 2.741258500338348369e+01
6.309573444801942969e+03 3.981071705534973137e-01 2.993498164988056232e+01
1.000000000000000000e+04 3.981071705534973137e-01 3.244758588129635513e+01
1.000000000000000048e-04 6.309573444801935826e-01 8.889367509439480450e-10
1.584893192461114190e-04 6.309573444801935826e-01 2.232905135758134023e-09
2.511886431509579545e-04 6.309573444801935826e-01 5.608792061672620927e-09
3.981071705534973523e-04 6.309573444801935826e-01 1.408860070270704093e-08
6.309573444801929842e-04 6.309573444801935826e-01 3.538877398319950602e-08
1.000000000000000021e-03 6.309573444801935826e-01 8.874506709636779513e-08
1.584893192461114082e-03 6.309573444801935826e-01 2.229415219087575037e-07
2.511886431509582039e-03 6.309573444801935826e-01 5.599906644734696596e-07
3.981071705534973415e-03 6.309573444801935826e-01 1.406580773533003990e-06
6.309573444801930275e-03 6.309573444801935826e-01 3.532963755763376388e-06
1.000000000000000021e-02 6.309573444801935826e-01 8.873496697687612901e-06
1.584893192461114125e-02 6.309573444801935826e-01 2.228608031097560567e-05
2.511886431509582213e-02 6.309573444801935826e-01 5.596710668154151140e-05
3.981071705534973415e-02 6.309573444801935826e-01 1.405320423074597703e-04
6.309573444801935826e-02 6.309573444801935826e-01 3.528006494630872699e-04
1.000000000000000056e-01 6.309573444801935826e-01 8.854382167328001116e-04
1.584893192461114264e-01 6.309573444801935826e-01 2.223105055765399636e-03
2.511886431509582351e-01 6.309573444801935826e-01 5.599310701432277416e-03
3.981071705534973137e-01 6.309573444801935826e-01 1.418817242607025783e-02
6.309573444801935826e-01 6.309573444801935826e-01 3.619939913427997619e-02
1.000000000000000000e+00 6.309573444801935826e-01 9.221584070004651412e-02
1.584893192461114042e+00 6.309573444801935826e-01 2.287476973521414547e-01
2.511886431509582351e+00 6.309573444801935826e-01 5.127908749821360468e-01
3.981071705534977578e+00 6.309573444801935826e-01 1.007169109870228230e+00
6.309573444801943154e+00 6.309573444801935826e-01 1.767227846248943690e+00
1.000000000000000000e+01 6.309573444801935826e-01 2.801945879863678268e+00
1.584893192461114175e+01 6.309573444801935826e-01 4.040144887251272188e+00
2.511886431509581996e+01 6.309573444801935826e-01 5.401896145548100492e+00
3.981071705534977667e+01 6.309573444801935826e-01 6.870004782761512274e+00
6.309573444801942799e+01 6.309573444801935826e-01 8.441640919895169404e+00
1.000000000000000000e+02 6.309573444801935826e-01 1.009899852685843769e+01
1.584893192461114211e+02 6.309573444801935826e-01 1.183945008039334645e+01
2.511886431509582280e+02 6.309573444801935826e-01 1.369387098779650813e+01
3.981071705534977241e+02 6.309573444801935826e-01 1.572599247379103993e+01
6.309573444801942514e+02 6.309573444801935826e-01 1.800568032133664076e+01
1.000000000000000000e+03 6.309573444801935826e-01 2.053454839902236628e+01
1.584893192461114040e+03 6.309573444801935826e-01 2.322407236977668887e+01
2.511886431509582053e+03 6.309573444801935826e-01 2.599255615805273933e+01
3.981071705534977355e+03 6.309573444801935826e-01 2.881471095964013784e+01
6.309573444801942969e+03 6.309573444801935826e-01 3.168545626641965640e+01
1.000000000000000000e+04 6.309573444801935826e-01 3.460220062483986680e+01
1.000000000000000048e-04 1.000000000000000000e+00 1.527126244575054573e-09
1.584893192461114190e-04 1.000000000000000000e+00 3.835961635235232796e-09
2.511886431509579545e-04 1.000000000000000000e+00 9.635475870654226980e-09
3.981071705534973523e-04 1.000000000000000000e+00 2.420312512848604913e-08
6.309573444801929842e-04 1.000000000000000000e+00 6.081253199638093233e-08
1.000000000000000021e-03 1.000000000000000000e+00 1.527985128912499669e-07
1.584893192461114082e-03 1.000000000000000000e+00 3.838068850607077745e-07
2.511886431509582039e-03 1.000000000000000000e+00 9.640033267934267709e-07
3.981071705534973415e-03 1.000000000000000000e+00 2.421374900083248750e-06
6.309573444801930275e-03 1.000000000000000000e+00 6.081863139703756018e-06
1.000000000000000021e-02 1.000000000000000000e+00 1.527554226863648694e-05
1.584893192461114125e-02 1.000000000000000000e+00 3.836508247904991920e-05
2.511886431509582213e-02 1.000000000000000000e+00 9.634699669291640705e-05
3.981071705534973415e-02 1.000000000000000000e+00 2.419304140992777996e-04
6.309573444801935826e-02 1.000000000000000000e+00 6.075912316074375376e-04
1.000000000000000056e-01 1.000000000000000000e+00 1.527932337189691825e-03
1.584893192461114264e-01 1.000000000000000000e+00 3.853050198891915315e-03
2.511886431509582351e-01 1.000000000000000000e+00 9.755424761097173519e-03
3.981071705534973137e-01 1.000000000000000000e+00 2.475564998905902328e-02
6.309573444801935826e-01 1.000000000000000000e+00 6.235916397174097459e-02
1.000000000000000000e+00 1.000000000000000000e+00 1.484550193626441306e-01
1.584893192461114042e+00 1.000000000000000000e+00 3.183858766107355853e-01
2.511886431509582351e+00 1.000000000000000000e+00 6.185694283690639228e-01
3.981071705534977578e+00 1.000000000000000000e+00 1.116909564437446267e+00
6.309573444801943154e+00 1.000000000000000000e+00 1.875375668579129851e+00
1.000000000000000000e+01 1.000000000000000000e+00 2.902874069292042947e+00
1.584893192461114175e+01 1.000000000000000000e+00 4.132748419698834219e+00
2.511886431509581996e+01 1.000000000000000000e+00 5.487431134085140272e+00
3.981071705534977667e+01 1.000000000000000000e+00 6.948562250675673901e+00
6.309573444801942799e+01 1.000000000000000000e+00 8.514641783944044917e+00
1.000000000000000000e+02 1.000000000000000000e+00 1.017259344657990994e+01
1.584893192461114211e+02 1.000000000000000000e+00 1.192105266662602503e+01
2.511886431509582280e+02 1.000000000000000000e+00 1.378896198781566085e+01
3.981071705534977241e+02 1.000000000000000000e+00 1.584145392069652303e+01
6.309573444801942514e+02 1.000000000000000000e+00 1.814971681245928892e+01
1.000000000000000000e+03 1.000000000000000000e+00 2.071630890249851475e+01
1.584893192461114040e+03 1.000000000000000000e+00 2.345321644040069486e+01
2.511886431509582053e+03 1.000000000000000000e+00 2.627879897770877449e+01
3.981071705534977355e+03 1.000000000000000000e+00 2.916735715283865105e+01
6.309573444801942969e+03 1.000000000000000000e+00 3.211295777926304140e+01
1.000000000000000000e+04 1.000000000000000000e+00 3.511175578144413123e+01
1.000000000000000048e-04 1.584893192461114042e+00 2.334839328626130641e-09
1.584893192461114190e-04 1.584893192461114042e+00 5.864841282917933480e-09
2.511886431509579545e-04 1.584893192461114042e+00 1.473177566056941239e-08
3.981071705534973523e-04 1.584893192461114042e+00 3.700438992283128528e-08
6.309573444801929842e-04 1.584893192461114042e+00 9.295019870301925290e-08
1.000000000000000021e-03 1.584893192461114042e+00 2.334778538918958264e-07
1.584893192461114082e-03 1.584893192461114042e+00 5.869011278680570525e-07
2.511886431509582039e-03 1.584893192461114042e+00 1.474190680014779321e-06
3.981071705534973415e-03 1.584893192461114042e+00 3.702087374486759165e-06
6.309573444801930275e-03 1.584893192461114042e+00 9.298352898022661323e-06
1.000000000000000021e-02 1.584893192461114042e+00 2.335411020692741268e-05
1.584893192461114125e-02 1.584893192461114042e+00 5.865549065947841303e-05
2.511886431509582213e-02 1.584893192461114042e+00 1.473245351119098620e-04
3.981071705534973415e-02 1.584893192461114042e+00 3.702459262126299249e-04
6.309573444801935826e-02 1.584893192461114042e+00 9.316468370687770902e-04
1.000000000000000056e-01 1.584893192461114042e+00 2.348922068269156203e-03
1.584893192461114264e-01 1.584893192461114042e+00 5.932096298134366570e-03
2.511886431509582351e-01 1.584893192461114042e+00 1.495093448872350517e-02
3.981071705534973137e-01 1.584893192461114042e+00 3.665019232475863475e-02
6.309573444801935826e-01 1.584893192461114042e+00 8.419597441504209079e-02
1.000000000000000000e+00 1.584893192461114042e+00 1.774933871736258384e-01
1.584893192461114042e+00 1.584893192461114042e+00 3.478331508020746088e-01
2.511886431509582351e+00 1.584893192461114042e+00 6.469893680678117098e-01
3.981071705534977578e+00 1.584893192461114042e+00 1.142905817270688740e+00
6.309573444801943154e+00 1.584893192461114042e+00 1.896685655230270884e+00
1.000000000000000000e+01 1.584893192461114042e+00 2.918499467976905848e+00
1.584893192461114175e+01 1.584893192461114042e+00 4.143963312094414597e+00
2.511886431509581996e+01 1.584893192461114042e+00 5.496645427695588282e+00
3.981071705534977667e+01 1.584893192461114042e+00 6.957629830211852884e+00
6.309573444801942799e+01 1.584893192461114042e+00 8.524674882025946587e+00
1.000000000000000000e+02 1.584893192461114042e+00 1.018426913899393327e+01
1.584893192461114211e+02 1.584893192461114042e+00 1.193521283692739843e+01
2.511886431509582280e+02 1.584893192461114042e+00 1.380661369869941524e+01
3.981071705534977241e+02 1.584893192461114042e+00 1.586372279837092059e+01
6.309573444801942514e+02 1.584893192461114042e+00 1.817779407528547964e+01
1.000000000000000000e+03 1.584893192461114042e+00 2.075139390813852458e+01
1.584893192461114040e+03 1.584893192461114042e+00 2.349646224765866975e+01
2.511886431509582053e+03 1.584893192461114042e+00 2.633125305452439235e+01
3.981071705534977355e+03 1.584893192461114042e+00 2.922991456063433091e+01
6.309573444801942969e+03 1.584893192461114042e+00 3.218631857475698865e+01
1.000000000000000000e+04 1.584893192461114042e+00 3.519639317548834612e+01
1.000000000000000048e-04 2.511886431509582351e+00 3.282348888982798796e-09
1.584893192461114190e-04 2.511886431509582351e+00 8.244875632859751914e-09
2.511886431509579545e-04 2.511886431509582351e+00 2.071014347841725234e-08
3.981071705534973523e-04 2.511886431509582351e+00 5.202133853429949752e-08
6.309573444801929842e-04 2.511886431509582351e+00 1.306107452961265884e-07
1.000000000000000021e-03 2.511886431509582351e+00 3.280753554643408100e-07
1.584893192461114082e-03 2.511886431509582351e+00 8.240721926278143658e-07
2.511886431509582039e-03 2.511886431509582351e+00 2.069913297989581955e-06
3.981071705534973415e-03 2.511886431509582351e+00 5.199582428364911478e-06
6.309573444801930275e-03 2.511886431509582351e+00 1.305994704942155727e-05
1.000000000000000021e-02 2.511886431509582351e+00 3.280363984611376623e-05
1.584893192461114125e-02 2.511886431509582351e+00 8.241751439283161401e-05
2.511886431509582213e-02 2.511886431509582351e+00 2.071932028123548754e-04
3.981071705534973415e-02 2.511886431509582351e+00 5.214196022881081296e-04
6.309573444801935826e-02 2.511886431509582351e+00 1.313127866207557375e-03
1.000000000000000056e-01 2.511886431509582351e+00 3.305122850446317716e-03
1.584893192461114264e-01 2.511886431509582351e+00 8.208454473240105534e-03
2.511886431509582351e-01 2.511886431509582351e+00 1.968659764859327296e-02
3.981071705534973137e-01 2.511886431509582351e+00 4.458824765453502093e-02
6.309573444801935826e-01 2.511886431509582351e+00 9.411066848674591589e-02
1.000000000000000000e+00 2.511886431509582351e+00 1.871179307002782677e-01
1.584893192461114042e+00 2.511886431509582351e+00 3.569657209089116545e-01
2.511886431509582351e+00 2.511886431509582351e+00 6.554845941982738733e-01
3.981071705534977578e+00 2.511886431509582351e+00 1.150088693865971567e+00
6.309573444801943154e+00 2.511886431509582351e+00 1.901863666613162307e+00
1.000000000000000000e+01 2.511886431509582351e+00 2.921511253039628109e+00
1.584893192461114175e+01 2.511886431509582351e+00 4.145536621636286334e+00
2.511886431509581996e+01 2.511886431509582351e+00 5.497808741991088155e+00
3.981071705534977667e+01 2.511886431509582351e+00 6.958900612211124326e+00
6.309573444801942799e+01 2.511886431509582351e+00 8.526212694201182885e+00
1.000000000000000000e+02 2.511886431509582351e+00 1.018618573897048840e+01
1.584893192461114211e+02 2.511886431509582351e+00 1.193763074084707476e+01
2.511886431509582280e+02 2.511886431509582351e+00 1.380966256141102377e+01
3.981071705534977241e+02 2.511886431509582351e+00 1.586753346410118581e+01
6.309573444801942514e+02 2.511886431509582351e+00 1.818249205575792615e+01
1.000000000000000000e+03 2.511886431509582351e+00 2.075709366364179687e+01
1.584893192461114040e+03 2.511886431509582351e+00 2.350326157626122736e+01
2.511886431509582053e+03 2.511886431509582351e+00 2.633922860251928455e+01
3.981071705534977355e+03 2.511886431509582351e+00 2.923911825552904276e+01
6.309573444801942969e+03 2.511886431509582351e+00 3.219677545456562484e+01
1.000000000000000000e+04 2.511886431509582351e+00 3.520812069644117770e+01
1.000000000000000048e-04 3.981071705534973137e+00 4.328794781511534113e-09
1.584893192461114190e-04 3.981071705534973137e+00 1.087342628447724879e-08
2.511886431509579545e-04 3.981071705534973137e+00 2.731275396348354818e-08
3.981071705534973523e-04 3.981071705534973137e+00 6.860630592212880418e-08
6.309573444801929842e-04 3.981071705534973137e+00 1.723303368905093053e-07
1.000000000000000021e-03 3.981071705534973137e+00 4.329195850835094727e-07
1.584893192461114082e-03 3.981071705534973137e+00 1.087340479164304207e-06
2.511886431509582039e-03 3.981071705534973137e+00 2.731220227038754719e-06
3.981071705534973415e-03 3.981071705534973137e+00 6.860480241588994108e-06
6.309573444801930275e-03 3.981071705534973137e+00 1.723529502148939574e-05
1.000000000000000021e-02 3.981071705534973137e+00 4.331236028881452432e-05
1.584893192461114125e-02 3.981071705534973137e+00 1.088925233983962116e-04
2.511886431509582213e-02 3.981071705534973137e+00 2.739062434028828943e-04
3.981071705534973415e-02 3.981071705534973137e+00 6.887990939893431398e-04
6.309573444801935826e-02 3.981071705534973137e+00 1.720793100162447973e-03
1.000000000000000056e-01 3.981071705534973137e+00 4.222443561827304501e-03
1.584893192461114264e-01 3.981071705534973137e+00 1.003218438323336646e-02
2.511886431509582351e-01 3.981071705534973137e+00 2.268987313236816780e-02
3.981071705534973137e-01 3.981071705534973137e+00 4.830420968175132279e-02
6.309573444801935826e-01 3.981071705534973137e+00 9.766795829402388773e-02
1.000000000000000000e+00 3.981071705534973137e+00 1.905140293418334518e-01
1.584893192461114042e+00 3.981071705534973137e+00 3.602481383285619509e-01
2.511886431509582351e+00 3.981071705534973137e+00 6.585009961816979951e-01
3.981071705534977578e+00 3.981071705534973137e+00 1.152593158770034654e+00
6.309573444801943154e+00 3.981071705534973137e+00 1.903604436856102256e+00
1.000000000000000000e+01 3.981071705534973137e+00 2.922431756182795493e+00
1.584893192461114175e+01 3.981071705534973137e+00 4.145902557033303459e+00
2.511886431509581996e+01 3.981071705534973137e+00 5.497997768975543487e+00
3.981071705534977667e+01 3.981071705534973137e+00 6.959101064494801037e+00
6.309573444801942799e+01 3.981071705534973137e+00 8.526464396633727461e+00
1.000000000000000000e+02 3.981071705534973137e+00 1.018650108106911212e+01
1.584893192461114211e+02 3.981071705534973137e+00 1.193802475920509920e+01
2.511886431509582280e+02 3.981071705534973137e+00 1.381015127385469654e+01
3.981071705534977241e+02 3.981071705534973137e+00 1.586812619956137205e+01
6.309573444801942514e+02 3.981071705534973137e+00 1.818319892570767848e+01
1.000000000000000000e+03 3.981071705534973137e+00 2.075792258250040945e+01
1.584893192461114040e+03 3.981071705534973137e+00 2.350421789192151323e+01
2.511886431509582053e+03 3.981071705534973137e+00 2.634031486377552866e+01
3.981071705534977355e+03 3.981071705534973137e+00 2.924033569079304584e+01
6.309573444801942969e+03 3.981071705534973137e+00 3.219812374886978290e+01
1.000000000000000000e+04 3.981071705534973137e+00 3.520957851610744882e+01
1.000000000000000048e-04 6.309573444801936049e+00 5.445889690104415178e-09
1.584893192461114190e-04 6.309573444801936049e+00 1.367945059268395406e-08
2.511886431509579545e-04 6.309573444801936049e+00 3.436120318176827527e-08
3.981071705534973523e-04 6.309573444801936049e+00 8.631134816488018055e-08
6.309573444801929842e-04 6.309573444801936049e+00 2.168039404145810778e-07
1.000000000000000021e-03 6.309573444801936049e+00 5.445854389633871663e-07
1.584893192461114082e-03 6.309573444801936049e+00 1.368072069560166269e-06
2.511886431509582039e-03 6.309573444801936049e+00 3.436447847752795306e-06
3.981071705534973415e-03 6.309573444801936049e+00 8.632875636923207567e-06
6.309573444801930275e-03 6.309573444801936049e+00 2.169640943953358455e-05
1.000000000000000021e-02 6.309573444801936049e+00 5.455037440959178822e-05
1.584893192461114125e-02 6.309573444801936049e+00 1.371724108755857186e-04
2.511886431509582213e-02 6.309573444801936049e+00 3.437376757058170293e-04
3.981071705534973415e-02 6.309573444801936049e+00 8.533254680563615111e-04
6.309573444801935826e-02 6.309573444801936049e+00 2.082127371885853298e-03
1.000000000000000056e-01 6.309573444801936049e+00 4.936860539964275062e-03
1.584893192461114264e-01 6.309573444801936049e+00 1.120911227614507927e-02
2.511886431509582351e-01 6.309573444801936049e+00 2.414133284674579646e-02
3.981071705534973137e-01 6.309573444801936049e+00 4.968852131533986471e-02
6.309573444801935826e-01 6.309573444801936049e+00 9.899691821367304079e-02
1.000000000000000000e+00 6.309573444801936049e+00 1.918268335016373449e-01
1.584893192461114042e+00 6.309573444801936049e+00 3.615179840183758153e-01
2.511886431509582351e+00 6.309573444801936049e+00 6.596685086437823475e-01
3.981071705534977578e+00 6.309573444801936049e+00 1.153561224057791046e+00
6.309573444801943154e+00 6.309573444801936049e+00 1.904270318557384600e+00
1.000000000000000000e+01 6.309573444801936049e+00 2.922769578045372185e+00
1.584893192461114175e+01 6.309573444801936049e+00 4.146016228906446166e+00
2.511886431509581996e+01 6.309573444801936049e+00 5.498035141095433787e+00
3.981071705534977667e+01 6.309573444801936049e+00 6.959133939564413396e+00
6.309573444801942799e+01 6.309573444801936049e+00 8.526504977872093605e+00
1.000000000000000000e+02 6.309573444801936049e+00 1.018655295889043266e+01
1.584893192461114211e+02 6.309573444801936049e+00 1.193808762975533178e+01
2.511886431509582280e+02 6.309573444801936049e+00 1.381022312788695139e+01
3.981071705534977241e+02 6.309573444801936049e+00 1.586821031960582395e+01
6.309573444801942514e+02 6.309573444801936049e+00 1.818329582374190423e+01
1.000000000000000000e+03 6.309573444801936049e+00 2.075803249695687214e+01
1.584893192461114040e+03 6.309573444801936049e+00 2.350434074724072175e+01
2.511886431509582053e+03 6.309573444801936049e+00 2.634045025297470843e+01
3.981071705534977355e+03 6.309573444801936049e+00 2.924048241322100594e+01
6.309573444801942969e+03 6.309573444801936049e+00 3.219827829022264609e+01
1.000000000000000000e+04 6.309573444801936049e+00 3.520973444348819470e+01
1.000000000000000048e-04 1.000000000000000000e+01 6.605075248611590825e-09
1.584893192461114190e-04 1.000000000000000000e+01 1.659119889608722892e-08
2.511886431509579545e-04 1.000000000000000000e+01 4.167520738955817245e-08
3.981071705534973523e-04 1.000000000000000000e+01 1.046833879721791000e-07
6.309573444801929842e-04 1.000000000000000000e+01 2.629527818517694879e-07
1.000000000000000021e-03 1.000000000000000000e+01 6.605076006131099815e-07
1.584893192461114082e-03 1.000000000000000000e+01 1.659120079889020600e-06
2.511886431509582039e-03 1.000000000000000000e+01 4.167573967684179672e-06
3.981071705534973415e-03 1.000000000000000000e+01 1.047176980650879088e-05
6.309573444801930275e-03 1.000000000000000000e+01 2.632421509016095383e-05
1.000000000000000021e-02 1.000000000000000000e+01 6.608574127322229021e-05
1.584893192461114125e-02 1.000000000000000000e+01 1.651894366398331702e-04
2.511886431509582213e-02 1.000000000000000000e+01 4.089572921613937053e-04
3.981071705534973415e-02 1.000000000000000000e+01 9.963752938404184419e-04
6.309573444801935826e-02 1.000000000000000000e+01 2.365433400048210389e-03
1.000000000000000056e-01 1.000000000000000000e+01 5.403482538915869646e-03
1.584893192461114264e-01 1.000000000000000000e+01 1.178378311875779433e-02
2.511886431509582351e-01 1.000000000000000000e+01 2.468873180923141300e-02
3.981071705534973137e-01 1.000000000000000000e+01 5.021516781381066968e-02
6.309573444801935826e-01 1.000000000000000000e+01 9.952160489141394228e-02
1.000000000000000000e+00 1.000000000000000000e+01 1.923458824668020928e-01
1.584893192461114042e+00 1.000000000000000000e+01 3.620203088956109871e-01
2.511886431509582351e+00 1.000000000000000000e+01 6.601301976334996713e-01
3.981071705534977578e+00 1.000000000000000000e+01 1.153943243883892134e+00
6.309573444801943154e+00 1.000000000000000000e+01 1.904531554521196046e+00
1.000000000000000000e+01 1.000000000000000000e+01 2.922899449752132561e+00
1.584893192461114175e+01 1.000000000000000000e+01 4.146055755640568385e+00
2.511886431509581996e+01 1.000000000000000000e+01 5.498042787222944483e+00
3.981071705534977667e+01 1.000000000000000000e+01 6.959137860978078294e+00
6.309573444801942799e+01 1.000000000000000000e+01 8.526509578487299734e+00
1.000000000000000000e+02 1.000000000000000000e+01 1.018655846986527358e+01
1.584893192461114211e+02 1.000000000000000000e+01 1.193809412057946773e+01
2.511886431509582280e+02 1.000000000000000000e+01 1.381023064703541614e+01
3.981071705534977241e+02 1.000000000000000000e+01 1.586821889293876886e+01
6.309573444801942514e+02 1.000000000000000000e+01 1.818330545354250916e+01
1.000000000000000000e+03 1.000000000000000000e+01 2.075804316212049017e+01
1.584893192461114040e+03 1.000000000000000000e+01 2.350435240483604105e+01
2.511886431509582053e+03 1.000000000000000000e+01 2.634046290038259031e+01
3.981071705534977355e+03 1.000000000000000000e+01 2.924049503702125818e+01
6.309573444801942969e+03 1.000000000000000000e+01 3.219829067951607016e+01
1.000000000000000000e+04 1.000000000000000000e+01 3.520974739601067682e+01
1.000000000000000048e-04 1.584893192461114175e+01 7.787302663870682532e-09
1.584893192461114190e-04 1.584893192461114175e+01 1.956081989943519389e-08
2.511886431509579545e-04 1.584893192461114175e+01 4.913455809459378178e-08
3.981071705534973523e-04 1.584893192461114175e+01 1.234204297960294643e-07
6.309573444801929842e-04 1.584893192461114175e+01 3.100181029757266498e-07
1.000000000000000021e-03 1.584893192461114175e+01 7.787313360013115392e-07
1.584893192461114082e-03 1.584893192461114175e+01 1.956084676693023827e-06
2.511886431509582039e-03 1.584893192461114175e+01 4.913547336521123706e-06
3.981071705534973415e-03 1.584893192461114175e+01 1.234434458014566431e-05
6.309573444801930275e-03 1.584893192461114175e+01 3.095200087500875596e-05
1.000000000000000021e-02 1.584893192461114175e+01 7.723924903816343341e-05
1.584893192461114125e-02 1.584893192461114175e+01 1.911323101196964419e-04
2.511886431509582213e-02 1.584893192461114175e+01 4.659029036726682971e-04
3.981071705534973415e-02 1.584893192461114175e+01 1.109126808108377733e-03
6.309573444801935826e-02 1.584893192461114175e+01 2.551079477788976719e-03
1.000000000000000056e-01 1.584893192461114175e+01 5.631943511191426360e-03
1.584893192461114264e-01 1.584893192461114175e+01 1.200126722290750618e-02
2.511886431509582351e-01 1.584893192461114175e+01 2.489807013058606758e-02
3.981071705534973137e-01 1.584893192461114175e+01 5.042427435207832292e-02
6.309573444801935826e-01 1.584893192461114175e+01 9.973015578497568256e-02
1.000000000000000000e+00 1.584893192461114175e+01 1.925521963271681902e-01
1.584893192461114042e+00 1.584893192461114175e+01 3.622199341101448034e-01
2.511886431509582351e+00 1.584893192461114175e+01 6.603135908007023991e-01
3.981071705534977578e+00 1.584893192461114175e+01 1.154094838647244492e+00
6.309573444801943154e+00 1.584893192461114175e+01 1.904634946276265728e+00
1.000000000000000000e+01 1.584893192461114175e+01 2.922950386013432045e+00
1.584893192461114175e+01 1.584893192461114175e+01 4.146070523186748069e+00
2.511886431509581996e+01 1.584893192461114175e+01 5.498044616983090549e+00
3.981071705534977667e+01 1.584893192461114175e+01 6.959137919568039621e+00
6.309573444801942799e+01 1.584893192461114175e+01 8.526509578706454207e+00
1.000000000000000000e+02 1.584893192461114175e+01 1.018655846986527358e+01
1.584893192461114211e+02 1.584893192461114175e+01 1.193809412057946773e+01
2.511886431509582280e+02 1.584893192461114175e+01 1.381023064703541614e+01
3.981071705534977241e+02 1.584893192461114175e+01 1.586821889293876886e+01
6.309573444801942514e+02 1.584893192461114175e+01 1.818330545354250916e+01
1.000000000000000000e+03 1.584893192461114175e+01 2.075804316212049017e+01
1.584893192461114040e+03 1.584893192461114175e+01 2.350435240483604105e+01
2.511886431509582053e+03 1.584893192461114175e+01 2.634046290038259031e+01
3.981071705534977355e+03 1.584893192461114175e+01 2.924049503702125818e+01
6.309573444801942969e+03 1.584893192461114175e+01 3.219829067951607016e+01
1.000000000000000000e+04 1.584893192461114175e+01 3.520974739601067682e+01
1.000000000000000048e-04 2.511886431509581996e+01 8.982223120781216119e-09
1.584893192461114190e-04 2.511886431509581996e+01 2.256232438188199634e-08
2.511886431509579545e-04 2.511886431509581996e+01 5.667399647816708621e-08
3.981071705534973523e-04 2.511886431509581996e+01 1.423586427729297499e-07
6.309573444801929842e-04 2.511886431509581996e+01 3.575894011840183963e-07
1.000000000000000021e-03 2.511886431509581996e+01 8.982239648857722492e-07
1.584893192461114082e-03 2.511886431509581996e+01 2.256236589853310044e-06
2.511886431509582039e-03 2.511886431509581996e+01 5.666247399216763937e-06
3.981071705534973415e-03 2.511886431509581996e+01 1.419832968848985375e-05
6.309573444801930275e-03 2.511886431509581996e+01 3.540925860652432348e-05
1.000000000000000021e-02 2.511886431509581996e+01 8.760328265522540538e-05
1.584893192461114125e-02 2.511886431509581996e+01 2.138523438212382155e-04
2.511886431509582213e-02 2.511886431509581996e+01 5.108579591650734076e-04
3.981071705534973415e-02 2.511886431509581996e+01 1.183105680191906539e-03
6.309573444801935826e-02 2.511886431509581996e+01 2.642041223287898942e-03
1.000000000000000056e-01 2.511886431509581996e+01 5.718503044527047628e-03
1.584893192461114264e-01 2.511886431509581996e+01 1.208457934204086939e-02
2.511886431509582351e-01 2.511886431509581996e+01 2.498133343989774810e-02
3.981071705534973137e-01 2.511886431509581996e+01 5.050752115977863443e-02
6.309573444801935826e-01 2.511886431509581996e+01 9.981318139112789478e-02
1.000000000000000000e+00 2.511886431509581996e+01 1.926343313543671110e-01
1.584893192461114042e+00 2.511886431509581996e+01 3.622994063394738840e-01
2.511886431509582351e+00 2.511886431509581996e+01 6.603866009355962019e-01
3.981071705534977578e+00 2.511886431509581996e+01 1.154155189609553211e+00
6.309573444801943154e+00 2.511886431509581996e+01 1.904676107275334429e+00
1.000000000000000000e+01 2.511886431509581996e+01 2.922970664104296734e+00
1.584893192461114175e+01 2.511886431509581996e+01 4.146076402252778514e+00
2.511886431509581996e+01 2.511886431509581996e+01 5.498045345423723695e+00
3.981071705534977667e+01 2.511886431509581996e+01 6.959137942893129036e+00
6.309573444801942799e+01 2.511886431509581996e+01 8.526509578793696420e+00
1.000000000000000000e+02 2.511886431509581996e+01 1.018655846986527358e+01
1.584893192461114211e+02 2.511886431509581996e+01 1.193809412057946773e+01
2.511886431509582280e+02 2.511886431509581996e+01 1.381023064703541614e+01
3.981071705534977241e+02 2.511886431509581996e+01 1.586821889293876886e+01
6.309573444801942514e+02 2.511886431509581996e+01 1.818330545354250916e+01
1.000000000000000000e+03 2.511886431509581996e+01 2.075804316212049017e+01
1.584893192461114040e+03 2.511886431509581996e+01 2.350435240483604105e+01
2.511886431509582053e+03 2.511886431509581996e+01 2.634046290038259031e+01
3.981071705534977355e+03 2.511886431509581996e+01 2.924049503702125818e+01
6.309573444801942969e+03 2.511886431509581996e+01 3.219829067951607016e+01
1.000000000000000000e+04 2.511886431509581996e+01 3.520974739601067682e+01
1.000000000000000048e-04 3.981071705534977667e+01 1.018341748830410455e-08
1.584893192461114190e-04 3.981071705534977667e+01 2.557958821526846620e-08
2.511886431509579545e-04 3.981071705534977667e+01 6.425302056153511186e-08
3.981071705534973523e-04 3.981071705534977667e+01 1.613962905320263353e-07
6.309573444801929842e-04 3.981071705534977667e+01 4.054099302636509554e-07
1.000000000000000021e-03 3.981071705534977667e+01 1.018343703028510796e-06
1.584893192461114082e-03 3.981071705534977667e+01 2.557316087022766630e-06
2.511886431509582039e-03 3.981071705534977667e+01 6.406881229000282068e-06
3.981071705534973415e-03 3.981071705534977667e+01 1.597752353033726939e-05
6.309573444801930275e-03 3.981071705534977667e+01 3.954053058814362278e-05
1.000000000000000021e-02 3.981071705534977667e+01 9.665902100754300607e-05
1.584893192461114125e-02 3.981071705534977667e+01 2.317617425904119921e-04
2.511886431509582213e-02 3.981071705534977667e+01 5.403071763441583131e-04
3.981071705534973415e-02 3.981071705534977667e+01 1.219318918333189708e-03
6.309573444801935826e-02 3.981071705534977667e+01 2.676495201645577061e-03
1.000000000000000056e-01 3.981071705534977667e+01 5.751659820796120419e-03
1.584893192461114264e-01 3.981071705534977667e+01 1.211771631137173802e-02
2.511886431509582351e-01 3.981071705534977667e+01 2.501448115877814155e-02
3.981071705534973137e-01 3.981071705534977667e+01 5.054066231074193921e-02
6.309573444801935826e-01 3.981071705534977667e+01 9.984623448027661607e-02
1.000000000000000000e+00 3.981071705534977667e+01 1.926670298976489448e-01
1.584893192461114042e+00 3.981071705534977667e+01 3.623310448038296605e-01
2.511886431509582351e+00 3.981071705534977667e+01 6.604156667938204661e-01
3.981071705534977578e+00 3.981071705534977667e+01 1.154179215760398280e+00
6.309573444801943154e+00 3.981071705534977667e+01 1.904692493764211569e+00
1.000000000000000000e+01 3.981071705534977667e+01 2.922978736957674961e+00
1.584893192461114175e+01 3.981071705534977667e+01 4.146078742751120316e+00
2.511886431509581996e+01 3.981071705534977667e+01 5.498045635421163091e+00
3.981071705534977667e+01 3.981071705534977667e+01 6.959137952179010433e+00
6.309573444801942799e+01 3.981071705534977667e+01 8.526509578828427749e+00
1.000000000000000000e+02 3.981071705534977667e+01 1.018655846986527358e+01
1.584893192461114211e+02 3.981071705534977667e+01 1.193809412057946773e+01
2.511886431509582280e+02 3.981071705534977667e+01 1.381023064703541614e+01
3.981071705534977241e+02 3.981071705534977667e+01 1.586821889293876886e+01
6.309573444801942514e+02 3.981071705534977667e+01 1.818330545354250916e+01
1.000000000000000000e+03 3.981071705534977667e+01 2.075804316212049017e+01
1.584893192461114040e+03 3.981071705534977667e+01 2.350435240483604105e+01
2.511886431509582053e+03 3.981071705534977667e+01 2.634046290038259031e+01
3.981071705534977355e+03 3.981071705534977667e+01 2.924049503702125818e+01
6.309573444801942969e+03 3.981071705534977667e+01 3.219829067951607016e+01
1.000000000000000000e+04 3.981071705534977667e+01 3.520974739601067682e+01
1.000000000000000048e-04 6.309573444801942799e+01 1.138759481316200593e-08
1.584893192461114190e-04 6.309573444801942799e+01 2.860434489871053627e-08
2.511886431509579545e-04 6.309573444801942799e+01 7.185086583329117370e-08
3.981071705534973523e-04 6.309573444801942799e+01 1.804812149788595919e-07
6.309573444801929842e-04 6.309573444801942799e+01 4.533491511797332549e-07
1.000000000000000021e-03 6.309573444801942799e+01 1.138492938353873202e-06
1.584893192461114082e-03 6.309573444801942799e+01 2.852727927534808132e-06
2.511886431509582039e-03 6.309573444801942799e+01 7.115331920135495670e-06
3.981071705534973415e-03 6.309573444801942799e+01 1.762298613337775390e-05
6.309573444801930275e-03 6.309573444801942799e+01 4.314643527834681024e-05
1.000000000000000021e-02 6.309573444801942799e+01 1.037905338147956512e-04
1.584893192461114125e-02 6.309573444801942799e+01 2.434847617182546084e-04
2.511886431509582213e-02 6.309573444801942799e+01 5.547237339182486786e-04
3.981071705534973415e-02 6.309573444801942799e+01 1.233033622144746660e-03
6.309573444801935826e-02 6.309573444801942799e+01 2.689692541040204863e-03
1.000000000000000056e-01 6.309573444801942799e+01 5.764847752620586539e-03
1.584893192461114264e-01 6.309573444801942799e+01 1.213090837583550956e-02
2.511886431509582351e-01 6.309573444801942799e+01 2.502767750335190694e-02
3.981071705534973137e-01 6.309573444801942799e+01 5.055385604056261695e-02
6.309573444801935826e-01 6.309573444801942799e+01 9.985939315207566225e-02
1.000000000000000000e+00 6.309573444801942799e+01 1.926800474221964654e-01
1.584893192461114042e+00 6.309573444801942799e+01 3.623436403033550302e-01
2.511886431509582351e+00 6.309573444801942799e+01 6.604272381203978304e-01
3.981071705534977578e+00 6.309573444801942799e+01 1.154188780743330422e+00
6.309573444801943154e+00 6.309573444801942799e+01 1.904699017342933676e+00
1.000000000000000000e+01 6.309573444801942799e+01 2.922981950818491548e+00
1.584893192461114175e+01 6.309573444801942799e+01 4.146079674520288805e+00
2.511886431509581996e+01 6.309573444801942799e+01 5.498045750871225046e+00
3.981071705534977667e+01 6.309573444801942799e+01 6.959137955875785764e+00
6.309573444801942799e+01 6.309573444801942799e+01 8.526509578842254911e+00
1.000000000000000000e+02 6.309573444801942799e+01 1.018655846986527358e+01
1.584893192461114211e+02 6.309573444801942799e+01 1.193809412057946773e+01
2.511886431509582280e+02 6.309573444801942799e+01 1.381023064703541614e+01
3.981071705534977241e+02 6.309573444801942799e+01 1.586821889293876886e+01
6.309573444801942514e+02 6.309573444801942799e+01 1.818330545354250916e+01
1.000000000000000000e+03 6.309573444801942799e+01 2.075804316212049017e+01
1.584893192461114040e+03 6.309573444801942799e+01 2.350435240483604105e+01
2.511886431509582053e+03 6.309573444801942799e+01 2.634046290038259031e+01
3.981071705534977355e+03 6.309573444801942799e+01 2.924049503702125818e+01
6.309573444801942969e+03 6.309573444801942799e+01 3.219829067951607016e+01
1.000000000000000000e+04 6.309573444801942799e+01 3.520974739601067682e+01
1.000000000000000048e-04 1.000000000000000000e+02 1.259315152363616090e-08
1.584893192461114190e-04 1.000000000000000000e+02 3.163256644216589256e-08
2.511886431509579545e-04 1.000000000000000000e+02 7.945741443990166525e-08
3.981071705534973523e-04 1.000000000000000000e+02 1.995880012144226093e-07
6.309573444801929842e-04 1.000000000000000000e+02 5.012136997894321631e-07
1.000000000000000021e-03 1.000000000000000000e+02 1.256172593493373756e-06
1.584893192461114082e-03 1.000000000000000000e+02 3.134882317450782423e-06
2.511886431509582039e-03 1.000000000000000000e+02 7.771207233870896093e-06
3.981071705534973415e-03 1.000000000000000000e+02 1.905867880972176339e-05
6.309573444801930275e-03 1.000000000000000000e+02 4.598531318807703592e-05
1.000000000000000021e-02 1.000000000000000000e+02 1.084581870954841901e-04
1.584893192461114125e-02 1.000000000000000000e+02 2.492237469225977420e-04
2.511886431509582213e-02 1.000000000000000000e+02 5.601833499219953643e-04
3.981071705534973415e-02 1.000000000000000000e+02 1.238286868780619611e-03
6.309573444801935826e-02 1.000000000000000000e+02 2.694941711352361741e-03
1.000000000000000056e-01 1.000000000000000000e+02 5.770097962590961006e-03
1.584893192461114264e-01 1.000000000000000000e+02 1.213616023129295354e-02
2.511886431509582351e-01 1.000000000000000000e+02 2.502551173004358837e-02
3.981071705534973137e-01 1.000000000000000000e+02 5.055910855900749151e-02
6.309573444801935826e-01 1.000000000000000000e+02 9.986463171367382374e-02
1.000000000000000000e+00 1.000000000000000000e+02 1.926852297920614299e-01
1.584893192461114042e+00 1.000000000000000000e+02 3.623486546620326432e-01
2.511886431509582351e+00 1.000000000000000000e+02 6.604318447484809340e-01
3.981071705534977578e+00 1.000000000000000000e+02 1.154192588631622218e+00
6.309573444801943154e+00 1.000000000000000000e+02 1.904701614426400180e+00
1.000000000000000000e+01 1.000000000000000000e+02 2.922983230279527778e+00
1.584893192461114175e+01 1.000000000000000000e+02 4.146080045464279884e+00
2.511886431509581996e+01 1.000000000000000000e+02 5.498045796832720988e+00
3.981071705534977667e+01 1.000000000000000000e+02 6.959137957347500958e+00
6.309573444801942799e+01 1.000000000000000000e+02 8.526509578847761617e+00
1.000000000000000000e+02 1.000000000000000000e+02 1.018655846986527358e+01
1.584893192461114211e+02 1.000000000000000000e+02 1.193809412057946773e+01
2.511886431509582280e+02 1.000000000000000000e+02 1.381023064703541614e+01
3.981071705534977241e+02 1.000000000000000000e+02 1.586821889293876886e+01
6.309573444801942514e+02 1.000000000000000000e+02 1.818330545354250916e+01
1.000000000000000000e+03 1.000000000000000000e+02 2.075804316212049017e+01
1.584893192461114040e+03 1.000000000000000000e+02 2.350435240483604105e+01
2.511886431509582053e+03 1.000000000000000000e+02 2.634046290038259031e+01
3.981071705534977355e+03 1.000000000000000000e+02 2.924049503702125818e+01
6.309573444801942969e+03 1.000000000000000000e+02 3.219829067951607016e+01
1.000000000000000000e+04 1.000000000000000000e+02 3.520974739601067682e+01
1.000000000000000048e-04 1.584893192461114211e+02 1.379933325583241861e-08
1.584893192461114190e-04 1.584893192461114211e+02 3.466235796920440122e-08
2.511886431509579545e-04 1.584893192461114211e+02 8.706790666697236316e-08
3.981071705534973523e-04 1.584893192461114211e+02 2.186767063732975170e-07
6.309573444801929842e-04 1.584893192461114211e+02 5.480486187120527978e-07
1.000000000000000021e-03 1.584893192461114211e+02 1.368548514109235187e-06
1.584893192461114082e-03 1.584893192461114211e+02 3.395963299596301169e-06
2.511886431509582039e-03 1.584893192461114211e+02 8.342830462270544597e-06
3.981071705534973415e-03 1.584893192461114211e+02 2.018886102646884695e-05
6.309573444801930275e-03 1.584893192461114211e+02 4.784343857411015705e-05
1.000000000000000021e-02 1.584893192461114211e+02 1.107429692035373639e-04
1.584893192461114125e-02 1.584893192461114211e+02 2.513972084348323741e-04
2.511886431509582213e-02 1.584893192461114211e+02 5.622745758833768781e-04
3.981071705534973415e-02 1.584893192461114211e+02 1.240376318866177451e-03
6.309573444801935826e-02 1.584893192461114211e+02 2.697031443590589515e-03
1.000000000000000056e-01 1.584893192461114211e+02 5.772188108827079438e-03
1.584893192461114264e-01 1.584893192461114211e+02 1.213825103260926519e-02
2.511886431509582351e-01 1.584893192461114211e+02 2.503502254241984915e-02
3.981071705534973137e-01 1.584893192461114211e+02 5.056119962426348230e-02
6.309573444801935826e-01 1.584893192461114211e+02 9.986671722260942463e-02
1.000000000000000000e+00 1.584893192461114211e+02 1.926872929306651105e-01
1.584893192461114042e+00 1.584893192461114211e+02 3.623506509141783960e-01
2.511886431509582351e+00 1.584893192461114211e+02 6.604336786801529025e-01
3.981071705534977578e+00 1.584893192461114211e+02 1.154194104579255420e+00
6.309573444801943154e+00 1.584893192461114211e+02 1.904702648343951310e+00
1.000000000000000000e+01 1.584893192461114211e+02 2.922983739642141199e+00
1.584893192461114175e+01 1.584893192461114211e+02 4.146080193139741077e+00
2.511886431509581996e+01 1.584893192461114211e+02 5.498045815130323533e+00
3.981071705534977667e+01 1.584893192461114211e+02 6.959137957933405616e+00
6.309573444801942799e+01 1.584893192461114211e+02 8.526509578849953641e+00
1.000000000000000000e+02 1.584893192461114211e+02 1.018655846986527358e+01
1.584893192461114211e+02 1.584893192461114211e+02 1.193809412057946773e+01
2.511886431509582280e+02 1.584893192461114211e+02 1.381023064703541614e+01
3.981071705534977241e+02 1.584893192461114211e+02 1.586821889293876886e+01
6.309573444801942514e+02 1.584893192461114211e+02 1.818330545354250916e+01
1.000000000000000000e+03 1.584893192461114211e+02 2.075804316212049017e+01
1.584893192461114040e+03 1.584893192461114211e+02 2.350435240483604105e+01
2.511886431509582053e+03 1.584893192461114211e+02 2.634046290038259031e+01
3.981071705534977355e+03 1.584893192461114211e+02 2.924049503702125818e+01
6.309573444801942969e+03 1.584893192461114211e+02 3.219829067951607016e+01
1.000000000000000000e+04 1.584893192461114211e+02 3.520974739601067682e+01
1.000000000000000048e-04 2.511886431509582280e+02 1.500579388276089857e-08
1.584893192461114190e-04 2.511886431509582280e+02 3.769285004813658851e-08
2.511886431509579545e-04 2.511886431509582280e+02 9.466898087753793139e-08
3.981071705534973523e-04 2.511886431509582280e+02 2.373013748862576884e-07
6.309573444801929842e-04 2.511886431509582280e+02 5.928414716702260915e-07
1.000000000000000021e-03 2.511886431509582280e+02 1.472493827196663300e-06
1.584893192461114082e-03 2.511886431509582280e+02 3.623631157468991308e-06
2.511886431509582039e-03 2.511886431509582280e+02 8.792745034419886298e-06
3.981071705534973415e-03 2.511886431509582280e+02 2.092858008349511754e-05
6.309573444801930275e-03 2.511886431509582280e+02 4.875312890724193540e-05
1.000000000000000021e-02 2.511886431509582280e+02 1.116082453969381819e-04
1.584893192461114125e-02 2.511886431509582280e+02 2.522296913888477307e-04
2.511886431509582213e-02 2.511886431509582280e+02 5.631063494992629304e-04
3.981071705534973415e-02 2.511886431509582280e+02 1.241208143887538974e-03
6.309573444801935826e-02 2.511886431509582280e+02 2.697863380978922886e-03
1.000000000000000056e-01 2.511886431509582280e+02 5.773020211031184082e-03
1.584893192461114264e-01 2.511886431509582280e+02 1.213908339560550338e-02
2.511886431509582351e-01 2.511886431509582280e+02 2.503585517547276401e-02
3.981071705534973137e-01 2.511886431509582280e+02 5.056203209233575691e-02
6.309573444801935826e-01 2.511886431509582280e+02 9.986754747867095106e-02
1.000000000000000000e+00 2.511886431509582280e+02 1.926881142809371561e-01
1.584893192461114042e+00 2.511886431509582280e+02 3.623514456364716474e-01
2.511886431509582351e+00 2.511886431509582280e+02 6.604344087815020581e-01
3.981071705534977578e+00 2.511886431509582280e+02 1.154194708088879029e+00
6.309573444801943154e+00 2.511886431509582280e+02 1.904703059953941624e+00
1.000000000000000000e+01 2.511886431509582280e+02 2.922983942423049708e+00
1.584893192461114175e+01 2.511886431509582280e+02 4.146080251930401417e+00
2.511886431509581996e+01 2.511886431509582280e+02 5.498045822414728612e+00
3.981071705534977667e+01 2.511886431509582280e+02 6.959137958166651039e+00
6.309573444801942799e+01 2.511886431509582280e+02 8.526509578850825832e+00
1.000000000000000000e+02 2.511886431509582280e+02 1.018655846986527358e+01
1.584893192461114211e+02 2.511886431509582280e+02 1.193809412057946773e+01
2.511886431509582280e+02 2.511886431509582280e+02 1.381023064703541614e+01
3.981071705534977241e+02 2.511886431509582280e+02 1.586821889293876886e+01
6.309573444801942514e+02 2.511886431509582280e+02 1.818330545354250916e+01
1.000000000000000000e+03 2.511886431509582280e+02 2.075804316212049017e+01
1.584893192461114040e+03 2.511886431509582280e+02 2.350435240483604105e+01
2.511886431509582053e+03 2.511886431509582280e+02 2.634046290038259031e+01
3.981071705534977355e+03 2.511886431509582280e+02 2.924049503702125818e+01
6.309573444801942969e+03 2.511886431509582280e+02 3.219829067951607016e+01
1.000000000000000000e+04 2.511886431509582280e+02 3.520974739601067682e+01
1.000000000000000048e-04 3.981071705534977241e+02 1.621237747670806906e-08
1.584893192461114190e-04 3.981071705534977241e+02 4.071919471756115332e-08
2.511886431509579545e-04 3.981071705534977241e+02 1.020840811865057681e-07
3.981071705534973523e-04 3.981071705534977241e+02 2.551345656133983623e-07
6.309573444801929842e-04 3.981071705534977241e+02 6.342253374909193401e-07
1.000000000000000021e-03 3.981071705534977241e+02 1.562929023315724156e-06
1.584893192461114082e-03 3.981071705534977241e+02 3.802616114185085624e-06
2.511886431509582039e-03 3.981071705534977241e+02 9.087217299928943755e-06
3.981071705534973415e-03 3.981071705534977241e+02 2.129072594340562620e-05
6.309573444801930275e-03 3.981071705534977241e+02 4.909762063466457943e-05
1.000000000000000021e-02 3.981071705534977241e+02 1.119396648762193070e-04
1.584893192461114125e-02 3.981071705534977241e+02 2.525608068661152434e-04
2.511886431509582213e-02 3.981071705534977241e+02 5.634374845240153846e-04
3.981071705534973415e-02 3.981071705534977241e+02 1.241539299393189114e-03
6.309573444801935826e-02 3.981071705534977241e+02 2.698194581218632798e-03
1.000000000000000056e-01 3.981071705534977241e+02 5.773351476885272074e-03
1.584893192461114264e-01 3.981071705534977241e+02 1.213941476528279315e-02
2.511886431509582351e-01 3.981071705534977241e+02 2.503618665266156909e-02
3.981071705534973137e-01 3.981071705534977241e+02 5.056236350384466643e-02
6.309573444801935826e-01 3.981071705534977241e+02 9.986787800956245520e-02
1.000000000000000000e+00 3.981071705534977241e+02 1.926884412663699420e-01
1.584893192461114042e+00 3.981071705534977241e+02 3.623517620211149648e-01
2.511886431509582351e+00 3.981071705534977241e+02 6.604346994400843718e-01
3.981071705534977578e+00 3.981071705534977241e+02 1.154194948350386829e+00
6.309573444801943154e+00 3.981071705534977241e+02 1.904703223818830393e+00
1.000000000000000000e+01 3.981071705534977241e+02 2.922984023151583344e+00
1.584893192461114175e+01 3.981071705534977241e+02 4.146080275335385146e+00
2.511886431509581996e+01 3.981071705534977241e+02 5.498045825314704871e+00
3.981071705534977667e+01 3.981071705534977241e+02 6.959137958259510093e+00
6.309573444801942799e+01 3.981071705534977241e+02 8.526509578851172222e+00
1.000000000000000000e+02 3.981071705534977241e+02 1.018655846986527358e+01
1.584893192461114211e+02 3.981071705534977241e+02 1.193809412057946773e+01
2.511886431509582280e+02 3.981071705534977241e+02 1.381023064703541614e+01
3.981071705534977241e+02 3.981071705534977241e+02 1.586821889293876886e+01
6.309573444801942514e+02 3.981071705534977241e+02 1.818330545354250916e+01
1.000000000000000000e+03 3.981071705534977241e+02 2.075804316212049017e+01
1.584893192461114040e+03 3.981071705534977241e+02 2.350435240483604105e+01
2.511886431509582053e+03 3.981071705534977241e+02 2.634046290038259031e+01
3.981071705534977355e+03 3.981071705534977241e+02 2.924049503702125818e+01
6.309573444801942969e+03 3.981071705534977241e+02 3.219829067951607016e+01
1.000000000000000000e+04 3.981071705534977241e+02 3.520974739601067682e+01
1.000000000000000048e-04 6.309573444801942514e+02 1.741723957576809799e-08
1.584893192461114190e-04 6.309573444801942514e+02 4.367730698247369374e-08
2.511886431509579545e-04 6.309573444801942514e+02 1.091594129336697839e-07
3.981071705534973523e-04 6.309573444801942514e+02 2.716363205545772006e-07
6.309573444801929842e-04 6.309573444801942514e+02 6.702284834743162586e-07
1.000000000000000021e-03 6.309573444801942514e+02 1.634387142997257756e-06
1.584893192461114082e-03 6.309573444801942514e+02 3.919840817290652029e-06
2.511886431509582039e-03 6.309573444801942514e+02 9.231224516270617936e-06
3.981071705534973415e-03 6.309573444801942514e+02 2.142786697809836565e-05
6.309573444801930275e-03 6.309573444801942514e+02 4.922955095246785140e-05
1.000000000000000021e-02 6.309573444801942514e+02 1.120714851423548964e-04
1.584893192461114125e-02 6.309573444801942514e+02 2.526926263030233313e-04
2.511886431509582213e-02 6.309573444801942514e+02 5.635693117517908161e-04
3.981071705534973415e-02 6.309573444801942514e+02 1.241671134774556930e-03
6.309573444801935826e-02 6.309573444801942514e+02 2.698326434408943736e-03
1.000000000000000056e-01 6.309573444801942514e+02 5.773483356197143222e-03
1.584893192461114264e-01 6.309573444801942514e+02 1.213954668592743397e-02
2.511886431509582351e-01 6.309573444801942514e+02 2.503631861610729897e-02
3.981071705534973137e-01 6.309573444801942514e+02 5.056249544114279487e-02
6.309573444801935826e-01 6.309573444801942514e+02 9.986800959628037988e-02
1.000000000000000000e+00 6.309573444801942514e+02 1.926885714416154693e-01
1.584893192461114042e+00 6.309573444801942514e+02 3.623518879761102318e-01
2.511886431509582351e+00 6.309573444801942514e+02 6.604348151533504518e-01
3.981071705534977578e+00 6.309573444801942514e+02 1.154195044000216441e+00
6.309573444801943154e+00 6.309573444801942514e+02 1.904703289054618054e+00
1.000000000000000000e+01 6.309573444801942514e+02 2.922984055290191563e+00
1.584893192461114175e+01 6.309573444801942514e+02 4.146080284653080206e+00
2.511886431509581996e+01 6.309573444801942514e+02 5.498045826469204478e+00
3.981071705534977667e+01 6.309573444801942514e+02 6.959137958296478743e+00
6.309573444801942799e+01 6.309573444801942514e+02 8.526509578851310778e+00
1.000000000000000000e+02 6.309573444801942514e+02 1.018655846986527358e+01
1.584893192461114211e+02 6.309573444801942514e+02 1.193809412057946773e+01
2.511886431509582280e+02 6.309573444801942514e+02 1.381023064703541614e+01
3.981071705534977241e+02 6.309573444801942514e+02 1.586821889293876886e+01
6.309573444801942514e+02 6.309573444801942514e+02 1.818330545354250916e+01
1.000000000000000000e+03 6.309573444801942514e+02 2.075804316212049017e+01
1.584893192461114040e+03 6.309573444801942514e+02 2.350435240483604105e+01
2.511886431509582053e+03 6.309573444801942514e+02 2.634046290038259031e+01
3.981071705534977355e+03 6.309573444801942514e+02 2.924049503702125818e+01
6.309573444801942969e+03 6.309573444801942514e+02 3.219829067951607016e+01
1.000000000000000000e+04 6.309573444801942514e+02 3.520974739601067682e+01
1.000000000000000048e-04 1.000000000000000000e+03 1.859489966354488469e-08
1.584893192461114190e-04 1.000000000000000000e+03 4.648804776270541507e-08
2.511886431509579545e-04 1.000000000000000000e+03 1.157532487265986965e-07
3.981071705534973523e-04 1.000000000000000000e+03 2.859431426323824574e-07
6.309573444801929842e-04 1.000000000000000000e+03 6.987879853935319527e-07
1.000000000000000021e-03 1.000000000000000000e+03 1.681055051997026587e-06
1.584893192461114082e-03 1.000000000000000000e+03 3.977367166032767399e-06
2.511886431509582039e-03 1.000000000000000000e+03 9.285877363900335509e-06
3.981071705534973415e-03 1.000000000000000000e+03 2.148038794744406782e-05
6.309573444801930275e-03 1.000000000000000000e+03 4.928202550345327188e-05
1.000000000000000021e-02 1.000000000000000000e+03 1.121239637329905027e-04
1.584893192461114125e-02 1.000000000000000000e+03 2.527451045656772094e-04
2.511886431509582213e-02 1.000000000000000000e+03 5.636217931164422485e-04
3.981071705534973415e-02 1.000000000000000000e+03 1.241723619385211438e-03
6.309573444801935826e-02 1.000000000000000000e+03 2.698378926109466867e-03
1.000000000000000056e-01 1.000000000000000000e+03 5.773535858296845701e-03
1.584893192461114264e-01 1.000000000000000000e+03 1.213959920448201037e-02
2.511886431509582351e-01 1.000000000000000000e+03 2.503637115170130253e-02
3.981071705534973137e-01 1.000000000000000000e+03 5.056254796632718429e-02
6.309573444801935826e-01 1.000000000000000000e+03 9.986806198189643324e-02
1.000000000000000000e+00 1.000000000000000000e+03 1.926886232653140241e-01
1.584893192461114042e+00 1.000000000000000000e+03 3.623519381196970146e-01
2.511886431509582351e+00 1.000000000000000000e+03 6.604348612196307977e-01
3.981071705534977578e+00 1.000000000000000000e+03 1.154195082079099599e+00
6.309573444801943154e+00 1.000000000000000000e+03 1.904703315025452204e+00
1.000000000000000000e+01 1.000000000000000000e+03 2.922984068084801823e+00
1.584893192461114175e+01 1.000000000000000000e+03 4.146080288362515631e+00
2.511886431509581996e+01 1.000000000000000000e+03 5.498045826928817270e+00
3.981071705534977667e+01 1.000000000000000000e+03 6.959137958311196748e+00
6.309573444801942799e+01 1.000000000000000000e+03 8.526509578851362292e+00
1.000000000000000000e+02 1.000000000000000000e+03 1.018655846986527358e+01
1.584893192461114211e+02 1.000000000000000000e+03 1.193809412057946773e+01
2.511886431509582280e+02 1.000000000000000000e+03 1.381023064703541614e+01
3.981071705534977241e+02 1.000000000000000000e+03 1.586821889293876886e+01
6.309573444801942514e+02 1.000000000000000000e+03 1.818330545354250916e+01
1.000000000000000000e+03 1.000000000000000000e+03 2.075804316212049017e+01
1.584893192461114040e+03 1.000000000000000000e+03 2.350435240483604105e+01
2.511886431509582053e+03 1.000000000000000000e+03 2.634046290038259031e+01
3.981071705534977355e+03 1.000000000000000000e+03 2.924049503702125818e+01
6.309573444801942969e+03 1.000000000000000000e+03 3.219829067951607016e+01
1.000000000000000000e+04 1.000000000000000000e+03 3.520974739601067682e+01
