1.000000000000000021e-03 1.000000000000000000e+00 1.437426833705488899e-07
1.584893192461114082e-03 1.000000000000000000e+00 3.593397847744841494e-07
2.511886431509579437e-03 1.000000000000000000e+00 9.026943546708192935e-07
3.981071705534973415e-03 1.000000000000000000e+00 2.266802997716824304e-06
6.309573444801930275e-03 1.000000000000000000e+00 5.687151465010018667e-06
1.000000000000000021e-02 1.000000000000000000e+00 1.425778730808674063e-05
1.584893192461114125e-02 1.000000000000000000e+00 3.570682837988293845e-05
2.511886431509580825e-02 1.000000000000000000e+00 8.924473804315232405e-05
3.981071705534973415e-02 1.000000000000000000e+00 2.223744162053555896e-04
6.309573444801933051e-02 1.000000000000000000e+00 5.513627164564275079e-04
1.000000000000000056e-01 1.000000000000000000e+00 1.356172307781072220e-03
1.584893192461114264e-01 1.000000000000000000e+00 3.293544649483625547e-03
2.511886431509582351e-01 1.000000000000000000e+00 7.842797020631552332e-03
3.981071705534973137e-01 1.000000000000000000e+00 1.813864005155702008e-02
6.309573444801935826e-01 1.000000000000000000e+00 4.025764198373816410e-02
1.000000000000000000e+00 1.000000000000000000e+00 8.460422018157390256e-02
1.584893192461114042e+00 1.000000000000000000e+00 1.663826063476148975e-01
2.511886431509582351e+00 1.000000000000000000e+00 3.043152492378498608e-01
3.981071705534973137e+00 1.000000000000000000e+00 5.185981681541396160e-01
6.309573444801936049e+00 1.000000000000000000e+00 8.301150391869471790e-01
1.000000000000000000e+01 1.000000000000000000e+00 1.260694228484780854e+00
1.584893192461114175e+01 1.000000000000000000e+00 1.832536447448481765e+00
2.511886431509581996e+01 1.000000000000000000e+00 2.566879279911244982e+00
3.981071705534977667e+01 1.000000000000000000e+00 3.483170265091541928e+00
6.309573444801942799e+01 1.000000000000000000e+00 4.598891038849116875e+00
1.000000000000000000e+02 1.000000000000000000e+00 5.929540781762484336e+00
1.584893192461114211e+02 1.000000000000000000e+00 7.488637186509843779e+00
2.511886431509582280e+02 1.000000000000000000e+00 9.287795893187988483e+00
3.981071705534977241e+02 1.000000000000000000e+00 1.133700347324197999e+01
6.309573444801942514e+02 1.000000000000000000e+00 1.364489990028109112e+01
1.000000000000000000e+03 1.000000000000000000e+00 1.621897057954105037e+01
1.584893192461114040e+03 1.000000000000000000e+00 1.906577458694258809e+01
2.511886431509582053e+03 1.000000000000000000e+00 2.219106241130615587e+01
3.981071705534977355e+03 1.000000000000000000e+00 2.559988280809897887e+01
6.309573444801942969e+03 1.000000000000000000e+00 2.929674769787886746e+01
1.000000000000000000e+04 1.000000000000000000e+00 3.328566456701251042e+01
1.000000000000000021e-03 1.258925411794167282e+00 1.855153335981540416e-07
1.584893192461114082e-03 1.258925411794167282e+00 4.658144016459148109e-07
2.511886431509579437e-03 1.258925411794167282e+00 1.169371986327633190e-06
3.981071705534973415e-03 1.258925411794167282e+00 2.934481257137634076e-06
6.309573444801930275e-03 1.258925411794167282e+00 7.356353201659673869e-06
1.000000000000000021e-02 1.258925411794167282e+00 1.843412826843948292e-05
1.584893192461114125e-02 1.258925411794167282e+00 4.612528335343427251e-05
2.511886431509580825e-02 1.258925411794167282e+00 1.151245254677223036e-04
3.981071705534973415e-02 1.258925411794167282e+00 2.862373468682181802e-04
6.309573444801933051e-02 1.258925411794167282e+00 7.072092587274003824e-04
1.000000000000000056e-01 1.258925411794167282e+00 1.729765959272090226e-03
1.584893192461114264e-01 1.258925411794167282e+00 4.164551084882919113e-03
2.511886431509582351e-01 1.258925411794167282e+00 9.789375743768178456e-03
3.981071705534973137e-01 1.258925411794167282e+00 2.222439437901686798e-02
6.309573444801935826e-01 1.258925411794167282e+00 4.809883535739286481e-02
1.000000000000000000e+00 1.258925411794167282e+00 9.796673296759077221e-02
1.584893192461114042e+00 1.258925411794167282e+00 1.861469943008496053e-01
2.511886431509582351e+00 1.258925411794167282e+00 3.295384167425394750e-01
3.981071705534973137e+00 1.258925411794167282e+00 5.468996834999994006e-01
6.309573444801936049e+00 1.258925411794167282e+00 8.591929147882652051e-01
1.000000000000000000e+01 1.258925411794167282e+00 1.289240409386451125e+00
1.584893192461114175e+01 1.258925411794167282e+00 1.860063967605211088e+00
2.511886431509581996e+01 1.258925411794167282e+00 2.593411197536829693e+00
3.981071705534977667e+01 1.258925411794167282e+00 3.509092055834673207e+00
6.309573444801942799e+01 1.258925411794167282e+00 4.624733757149097180e+00
1.000000000000000000e+02 1.258925411794167282e+00 5.955769754554094852e+00
1.584893192461114211e+02 1.258925411794167282e+00 7.515537215370996726e+00
2.511886431509582280e+02 1.258925411794167282e+00 9.315532669050590187e+00
3.981071705534977241e+02 1.258925411794167282e+00 1.136571928557039612e+01
6.309573444801942514e+02 1.258925411794167282e+00 1.367467562786190882e+01
1.000000000000000000e+03 1.258925411794167282e+00 1.624987190429656536e+01
1.584893192461114040e+03 1.258925411794167282e+00 1.909789916873264559e+01
2.511886431509582053e+03 1.258925411794167282e+00 2.222444485699130823e+01
3.981071705534977355e+03 1.258925411794167282e+00 2.563458861865100857e+01
6.309573444801942969e+03 1.258925411794167282e+00 2.933282885358216419e+01
1.000000000000000000e+04 1.258925411794167282e+00 3.332308745931555194e+01
1.000000000000000021e-03 1.584893192461113598e+00 2.325037537192941908e-07
1.584893192461114082e-03 1.584893192461113598e+00 5.829194444145884049e-07
2.511886431509579437e-03 1.584893192461113598e+00 1.463699404420515879e-06
3.981071705534973415e-03 1.584893192461113598e+00 3.668956878855670569e-06
6.309573444801930275e-03 1.584893192461113598e+00 9.198945163915284067e-06
1.000000000000000021e-02 1.584893192461113598e+00 2.303464389813584658e-05
1.584893192461114125e-02 1.584893192461113598e+00 5.757600786002073194e-05
2.511886431509580825e-02 1.584893192461113598e+00 1.434716649979753827e-04
3.981071705534973415e-02 1.584893192461113598e+00 3.557466593249221788e-04
6.309573444801933051e-02 1.584893192461113598e+00 8.751408397460696100e-04
1.000000000000000056e-01 1.584893192461113598e+00 2.125989110540829098e-03
1.584893192461114264e-01 1.584893192461113598e+00 5.065744742264214132e-03
2.511886431509582351e-01 1.584893192461113598e+00 1.172781126119715363e-02
3.981071705534973137e-01 1.584893192461113598e+00 2.606507697993146189e-02
6.309573444801935826e-01 1.584893192461113598e+00 5.489221448895033328e-02
1.000000000000000000e+00 1.584893192461113598e+00 1.083743291170650297e-01
1.584893192461114042e+00 1.584893192461113598e+00 1.996931164750496146e-01
2.511886431509582351e+00 1.584893192461113598e+00 3.446376944673461562e-01
3.981071705534973137e+00 1.584893192461113598e+00 5.620102874673976734e-01
6.309573444801936049e+00 1.584893192461113598e+00 8.736732368312370989e-01
1.000000000000000000e+01 1.584893192461113598e+00 1.303062801582044683e+00
1.584893192461114175e+01 1.584893192461113598e+00 1.873372923627258713e+00
2.511886431509581996e+01 1.584893192461113598e+00 2.606423376833900907e+00
3.981071705534977667e+01 1.584893192461113598e+00 3.522035945404531354e+00
6.309573444801942799e+01 1.584893192461113598e+00 4.637797767074270716e+00
1.000000000000000000e+02 1.584893192461113598e+00 5.969054266658830876e+00
1.584893192461114211e+02 1.584893192461113598e+00 7.529086552545859234e+00
2.511886431509582280e+02 1.584893192461113598e+00 9.329401218864184386e+00
3.981071705534977241e+02 1.584893192461113598e+00 1.137991359039333972e+01
6.309573444801942514e+02 1.584893192461113598e+00 1.368919057921201521e+01
1.000000000000000000e+03 1.584893192461113598e+00 1.626475814388653873e+01
1.584893192461114040e+03 1.584893192461113598e+00 1.911314935863299169e+01
2.511886431509582053e+03 1.584893192461113598e+00 2.224000653735971511e+01
3.981071705534977355e+03 1.584893192461113598e+00 2.565050810608300935e+01
6.309573444801942969e+03 1.584893192461113598e+00 2.934889540057893953e+01
1.000000000000000000e+04 1.584893192461113598e+00 3.333946418079673890e+01
1.000000000000000021e-03 1.995262314968879735e+00 2.830007847868899731e-07
1.584893192461114082e-03 1.995262314968879735e+00 7.091356495314039620e-07
2.511886431509579437e-03 1.995262314968879735e+00 1.778415773351829036e-06
3.981071705534973415e-03 1.995262314968879735e+00 4.460464778085878798e-06
6.309573444801930275e-03 1.995262314968879735e+00 1.117760992034693783e-05
1.000000000000000021e-02 1.995262314968879735e+00 2.796886876097179261e-05
1.584893192461114125e-02 1.995262314968879735e+00 6.982000672864397425e-05
2.511886431509580825e-02 1.995262314968879735e+00 1.736255014294296674e-04
3.981071705534973415e-02 1.995262314968879735e+00 4.290902026174301851e-04
6.309573444801933051e-02 1.995262314968879735e+00 1.049992714448081451e-03
1.000000000000000056e-01 1.995262314968879735e+00 2.529984003423628013e-03
1.584893192461114264e-01 1.995262314968879735e+00 5.954866026441442417e-03
2.511886431509582351e-01 1.995262314968879735e+00 1.354630850565704051e-02
3.981071705534973137e-01 1.995262314968879735e+00 2.941394041440937787e-02
6.309573444801935826e-01 1.995262314968879735e+00 6.025075871566886593e-02
1.000000000000000000e+00 1.995262314968879735e+00 1.155905536528016586e-01
1.584893192461114042e+00 1.995262314968879735e+00 2.078125980545545426e-01
2.511886431509582351e+00 1.995262314968879735e+00 3.526145944011179201e-01
3.981071705534973137e+00 1.995262314968879735e+00 5.694594270821770055e-01
6.309573444801936049e+00 1.995262314968879735e+00 8.806963806774373849e-01
1.000000000000000000e+01 1.995262314968879735e+00 1.309817894264723170e+00
1.584893192461114175e+01 1.995262314968879735e+00 1.879985990055305090e+00
2.511886431509581996e+01 1.995262314968879735e+00 2.612983423317662091e+00
3.981071705534977667e+01 1.995262314968879735e+00 3.528608130740521709e+00
6.309573444801942799e+01 1.995262314968879735e+00 4.644385211188980733e+00
1.000000000000000000e+02 1.995262314968879735e+00 5.975654166616093832e+00
1.584893192461114211e+02 1.995262314968879735e+00 7.535694967347556172e+00
2.511886431509582280e+02 1.995262314968879735e+00 9.335989885956802681e+00
3.981071705534977241e+02 1.995262314968879735e+00 1.138644131262208425e+01
6.309573444801942514e+02 1.995262314968879735e+00 1.369561587460825436e+01
1.000000000000000000e+03 1.995262314968879735e+00 1.627116409309920897e+01
1.584893192461114040e+03 1.995262314968879735e+00 1.911926681441403630e+01
2.511886431509582053e+03 1.995262314968879735e+00 2.224599650881970447e+01
3.981071705534977355e+03 1.995262314968879735e+00 2.565593561801526690e+01
6.309573444801942969e+03 1.995262314968879735e+00 2.935405228401805999e+01
1.000000000000000000e+04 1.995262314968879735e+00 3.334409396597845898e+01
1.000000000000000021e-03 2.511886431509580131e+00 3.348931057570256813e-07
1.584893192461114082e-03 2.511886431509580131e+00 8.406024419822326508e-07
2.511886431509579437e-03 2.511886431509580131e+00 2.113223070135569726e-06
3.981071705534973415e-03 2.511886431509580131e+00 5.297215477076565849e-06
6.309573444801930275e-03 2.511886431509580131e+00 1.326266483019720091e-05
1.000000000000000021e-02 2.511886431509580131e+00 3.315443374968418840e-05
1.584893192461114125e-02 2.511886431509580131e+00 8.263282249386902400e-05
2.511886431509580825e-02 2.511886431509580131e+00 2.049594489489786338e-04
3.981071705534973415e-02 2.511886431509580131e+00 5.044588284883642307e-04
6.309573444801933051e-02 2.511886431509580131e+00 1.226555014043698762e-03
1.000000000000000056e-01 2.511886431509580131e+00 2.926738021698075971e-03
1.584893192461114264e-01 2.511886431509580131e+00 6.791169590211842619e-03
2.511886431509582351e-01 2.511886431509580131e+00 1.515033468668307640e-02
3.981071705534973137e-01 2.511886431509580131e+00 3.210903087241525483e-02
6.309573444801935826e-01 2.511886431509580131e+00 6.406065025183999007e-02
1.000000000000000000e+00 2.511886431509580131e+00 1.200204504530828081e-01
1.584893192461114042e+00 2.511886431509580131e+00 2.121736946858705508e-01
2.511886431509582351e+00 2.511886431509580131e+00 3.565964493824402282e-01
3.981071705534973137e+00 2.511886431509580131e+00 5.731421948521674414e-01
6.309573444801936049e+00 2.511886431509580131e+00 8.842115966292177776e-01
1.000000000000000000e+01 2.511886431509580131e+00 1.313240597078725092e+00
1.584893192461114175e+01 2.511886431509580131e+00 1.883333734970912943e+00
2.511886431509581996e+01 2.511886431509580131e+00 2.616275798358945970e+00
3.981071705534977667e+01 2.511886431509580131e+00 3.531783353344426502e+00
6.309573444801942799e+01 2.511886431509580131e+00 4.647421141868451677e+00
1.000000000000000000e+02 2.511886431509580131e+00 5.978492058893137617e+00
1.584893192461114211e+02 2.511886431509580131e+00 7.538292866551844718e+00
2.511886431509582280e+02 2.511886431509580131e+00 9.338281382560689181e+00
3.981071705534977241e+02 2.511886431509580131e+00 1.138821617801532327e+01
6.309573444801942514e+02 2.511886431509580131e+00 1.369710825737189275e+01
1.000000000000000000e+03 2.511886431509580131e+00 1.627188292684230930e+01
1.584893192461114040e+03 2.511886431509580131e+00 1.911938919004461113e+01
2.511886431509582053e+03 2.511886431509580131e+00 2.224509056365314308e+01
3.981071705534977355e+03 2.511886431509580131e+00 2.565403539981626579e+01
6.309573444801942969e+03 2.511886431509580131e+00 2.935081070541540171e+01
1.000000000000000000e+04 2.511886431509580131e+00 3.333910270171659818e+01
1.000000000000000021e-03 3.162277660168379523e+00 3.907075359953641271e-07
1.584893192461114082e-03 3.162277660168379523e+00 9.806610414019741086e-07
2.511886431509579437e-03 3.162277660168379523e+00 2.459753910183701152e-06
3.981071705534973415e-03 3.162277660168379523e+00 6.164324794893297408e-06
6.309573444801930275e-03 3.162277660168379523e+00 1.542017193693680322e-05
1.000000000000000021e-02 3.162277660168379523e+00 3.851110819425316239e-05
1.584893192461114125e-02 3.162277660168379523e+00 9.579666343916017871e-05
2.511886431509580825e-02 3.162277660168379523e+00 2.368672872260698943e-04
3.981071705534973415e-02 3.162277660168379523e+00 5.801132297390556268e-04
6.309573444801933051e-02 3.162277660168379523e+00 1.399727786102848964e-03
1.000000000000000056e-01 3.162277660168379523e+00 3.301936385585015413e-03
1.584893192461114264e-01 3.162277660168379523e+00 7.539618611066381190e-03
2.511886431509582351e-01 3.162277660168379523e+00 1.647400299790615502e-02
3.981071705534973137e-01 3.162277660168379523e+00 3.409555156221787814e-02
6.309573444801935826e-01 3.162277660168379523e+00 6.650530346557508021e-02
1.000000000000000000e+00 3.162277660168379523e+00 1.225051541831320145e-01
1.584893192461114042e+00 3.162277660168379523e+00 2.144228021080234470e-01
2.511886431509582351e+00 3.162277660168379523e+00 3.586191496752973995e-01
3.981071705534973137e+00 3.162277660168379523e+00 5.750308926997081960e-01
6.309573444801936049e+00 3.162277660168379523e+00 8.860124385452077256e-01
1.000000000000000000e+01 3.162277660168379523e+00 1.314930187241771131e+00
1.584893192461114175e+01 3.162277660168379523e+00 1.884909480894659373e+00
2.511886431509581996e+01 3.162277660168379523e+00 2.617646161478987210e+00
3.981071705534977667e+01 3.162277660168379523e+00 3.532887619727500095e+00
6.309573444801942799e+01 3.162277660168379523e+00 4.648161577546344070e+00
1.000000000000000000e+02 3.162277660168379523e+00 5.978777016488234786e+00
1.584893192461114211e+02 3.162277660168379523e+00 7.538090871963819772e+00
2.511886431509582280e+02 3.162277660168379523e+00 9.337185111760817335e+00
3.981071705534977241e+02 3.162277660168379523e+00 1.138650545931240998e+01
6.309573444801942514e+02 3.162277660168379523e+00 1.369423445308131093e+01
1.000000000000000000e+03 3.162277660168379523e+00 1.626765860854161261e+01
1.584893192461114040e+03 3.162277660168379523e+00 1.911381959919670948e+01
2.511886431509582053e+03 3.162277660168379523e+00 2.223758383610519473e+01
3.981071705534977355e+03 3.162277660168379523e+00 2.564405305121446332e+01
6.309573444801942969e+03 3.162277660168379523e+00 2.933814581754486284e+01
1.000000000000000000e+04 3.162277660168379523e+00 3.332448569735742439e+01
1.000000000000000021e-03 3.981071705534973137e+00 4.476409224650464590e-07
1.584893192461114082e-03 3.981071705534973137e+00 1.122977402078538444e-06
2.511886431509579437e-03 3.981071705534973137e+00 2.815747364333599550e-06
3.981071705534973415e-03 3.981071705534973137e+00 7.052906607854905050e-06
6.309573444801930275e-03 3.981071705534973137e+00 1.763445541788200255e-05
1.000000000000000021e-02 3.981071705534973137e+00 4.397248170642560091e-05
1.584893192461114125e-02 3.981071705534973137e+00 1.091201616710072960e-04
2.511886431509580825e-02 3.981071705534973137e+00 2.687690548792633256e-04
3.981071705534973415e-02 3.981071705534973137e+00 6.543312943118585962e-04
6.309573444801933051e-02 3.981071705534973137e+00 1.564577847062121772e-03
1.000000000000000056e-01 3.981071705534973137e+00 3.643036257818130664e-03
1.584893192461114264e-01 3.981071705534973137e+00 8.174067696037363301e-03
2.511886431509582351e-01 3.981071705534973137e+00 1.749040808849598727e-02
3.981071705534973137e-01 3.981071705534973137e+00 3.544191116266896813e-02
6.309573444801935826e-01 3.981071705534973137e+00 6.795995824980714806e-02
1.000000000000000000e+00 3.981071705534973137e+00 1.238444706590051819e-01
1.584893192461114042e+00 3.981071705534973137e+00 2.155915243225296762e-01
2.511886431509582351e+00 3.981071705534973137e+00 3.596658579183474314e-01
3.981071705534973137e+00 3.981071705534973137e+00 5.759830179947379447e-01
6.309573444801936049e+00 3.981071705534973137e+00 8.868271996292903525e-01
1.000000000000000000e+01 3.981071705534973137e+00 1.315574880761271714e+00
1.584893192461114175e+01 3.981071705534973137e+00 1.885297236031471479e+00
2.511886431509581996e+01 3.981071705534973137e+00 2.617643410936608905e+00
3.981071705534977667e+01 3.981071705534973137e+00 3.532401214736074824e+00
6.309573444801942799e+01 3.981071705534973137e+00 4.646988170366834758e+00
1.000000000000000000e+02 3.981071705534973137e+00 5.976917808125295828e+00
1.584893192461114211e+02 3.981071705534973137e+00 7.535038432571008471e+00
2.511886431509582280e+02 3.981071705534973137e+00 9.333079654269740288e+00
3.981071705534977241e+02 3.981071705534973137e+00 1.138090803383733451e+01
6.309573444801942514e+02 3.981071705534973137e+00 1.368636825158426618e+01
1.000000000000000000e+03 3.981071705534973137e+00 1.625795208934563973e+01
1.584893192461114040e+03 3.981071705534973137e+00 1.910140525298502112e+01
2.511886431509582053e+03 3.981071705534973137e+00 2.222124192441846091e+01
3.981071705534977355e+03 3.981071705534973137e+00 2.562420709819091869e+01
6.309573444801942969e+03 3.981071705534973137e+00 2.931457438773473712e+01
1.000000000000000000e+04 3.981071705534973137e+00 3.329583130043832284e+01
1.000000000000000021e-03 5.011872336272723771e+00 5.058290562298597948e-07
1.584893192461114082e-03 5.011872336272723771e+00 1.268850898567856617e-06
2.511886431509579437e-03 5.011872336272723771e+00 3.180209777216036870e-06
3.981071705534973415e-03 5.011872336272723771e+00 7.959993653086343759e-06
6.309573444801930275e-03 5.011872336272723771e+00 1.988227198097614935e-05
1.000000000000000021e-02 5.011872336272723771e+00 4.947814443862170384e-05
1.584893192461114125e-02 5.011872336272723771e+00 1.224241576819415519e-04
2.511886431509580825e-02 5.011872336272723771e+00 3.001583350267322901e-04
3.981071705534973415e-02 5.011872336272723771e+00 7.255435757983397151e-04
6.309573444801933051e-02 5.011872336272723771e+00 1.716727537653587156e-03
1.000000000000000056e-01 5.011872336272723771e+00 3.939693209539339193e-03
1.584893192461114264e-01 5.011872336272723771e+00 8.681260633398395904e-03
2.511886431509582351e-01 5.011872336272723771e+00 1.821891190961881513e-02
3.981071705534973137e-01 5.011872336272723771e+00 3.629583153883483154e-02
6.309573444801935826e-01 5.011872336272723771e+00 6.878432852243093754e-02
1.000000000000000000e+00 5.011872336272723771e+00 1.245519276866278724e-01
1.584893192461114042e+00 5.011872336272723771e+00 2.161886658388674498e-01
2.511886431509582351e+00 5.011872336272723771e+00 3.601654706364533221e-01
3.981071705534973137e+00 5.011872336272723771e+00 5.763369304279570837e-01
6.309573444801936049e+00 5.011872336272723771e+00 8.869705982183365700e-01
1.000000000000000000e+01 5.011872336272723771e+00 1.315434311449680038e+00
1.584893192461114175e+01 5.011872336272723771e+00 1.884669116845539394e+00
2.511886431509581996e+01 5.011872336272723771e+00 2.616445046459338730e+00
3.981071705534977667e+01 5.011872336272723771e+00 3.530346025528712239e+00
6.309573444801942799e+01 5.011872336272723771e+00 4.643964423529828522e+00
1.000000000000000000e+02 5.011872336272723771e+00 5.972487102149740323e+00
1.584893192461114211e+02 5.011872336272723771e+00 7.529040268895143662e+00
2.511886431509582280e+02 5.011872336272723771e+00 9.325153259413045959e+00
3.981071705534977241e+02 5.011872336272723771e+00 1.136991964230623609e+01
6.309573444801942514e+02 5.011872336272723771e+00 1.367273270138529817e+01
1.000000000000000000e+03 5.011872336272723771e+00 1.624115615743019347e+01
1.584893192461114040e+03 5.011872336272723771e+00 1.907912895833830191e+01
2.511886431509582053e+03 5.011872336272723771e+00 2.219439071030703303e+01
3.981071705534977355e+03 5.011872336272723771e+00 2.559171242005202274e+01
6.309573444801942969e+03 5.011872336272723771e+00 2.927572016573803992e+01
1.000000000000000000e+04 5.011872336272723771e+00 3.325047914812482475e+01
1.000000000000000021e-03 6.309573444801933384e+00 5.644820065989139224e-07
1.584893192461114082e-03 6.309573444801933384e+00 1.415591803521937958e-06
2.511886431509579437e-03 6.309573444801933384e+00 3.546525507818339430e-06
3.981071705534973415e-03 6.309573444801933384e+00 8.870069350460105744e-06
6.309573444801930275e-03 6.309573444801933384e+00 2.212436417155527079e-05
1.000000000000000021e-02 6.309573444801933384e+00 5.493981100394260852e-05
1.584893192461114125e-02 6.309573444801933384e+00 1.354672583486135617e-04
2.511886431509580825e-02 6.309573444801933384e+00 3.303319802180584202e-04
3.981071705534973415e-02 6.309573444801933384e+00 7.919254740286733743e-04
6.309573444801933051e-02 6.309573444801933384e+00 1.851881270513824982e-03
1.000000000000000056e-01 6.309573444801933384e+00 4.185343282554716826e-03
1.584893192461114264e-01 6.309573444801933384e+00 9.063723864775651354e-03
2.511886431509582351e-01 6.309573444801933384e+00 1.870990711577345117e-02
3.981071705534973137e-01 6.309573444801933384e+00 3.680576223495693466e-02
6.309573444801935826e-01 6.309573444801933384e+00 6.922730311454891594e-02
1.000000000000000000e+00 6.309573444801933384e+00 1.249029456025526202e-01
1.584893192461114042e+00 6.309573444801933384e+00 2.164468489949337160e-01
2.511886431509582351e+00 6.309573444801933384e+00 3.602844529077545710e-01
3.981071705534973137e+00 6.309573444801933384e+00 5.762327165371549098e-01
6.309573444801936049e+00 6.309573444801933384e+00 8.865745143425498576e-01
1.000000000000000000e+01 6.309573444801933384e+00 1.314513531309812411e+00
1.584893192461114175e+01 6.309573444801933384e+00 1.883146339452420381e+00
2.511886431509581996e+01 6.309573444801933384e+00 2.614004956653326772e+00
3.981071705534977667e+01 6.309573444801933384e+00 3.526593228606636821e+00
6.309573444801942799e+01 6.309573444801933384e+00 4.638624034863848777e+00
1.000000000000000000e+02 6.309573444801933384e+00 5.965114463732406058e+00
1.584893192461114211e+02 6.309573444801933384e+00 7.519109523004357420e+00
2.511886431509582280e+02 6.309573444801933384e+00 9.311616681752616032e+00
3.981071705534977241e+02 6.309573444801933384e+00 1.135279698484794153e+01
6.309573444801942514e+02 6.309573444801933384e+00 1.365197554202951125e+01
1.000000000000000000e+03 6.309573444801933384e+00 1.621362361568048982e+01
1.584893192461114040e+03 6.309573444801933384e+00 1.904518199136995449e+01
2.511886431509582053e+03 6.309573444801933384e+00 2.215316274248593587e+01
3.981071705534977355e+03 6.309573444801933384e+00 2.554317967370729292e+01
6.309573444801942969e+03 6.309573444801933384e+00 2.922155874368262474e+01
1.000000000000000000e+04 6.309573444801933384e+00 3.319433248257970348e+01
1.000000000000000021e-03 7.943282347242815788e+00 6.235531422506737999e-07
1.584893192461114082e-03 7.943282347242815788e+00 1.563228310566477967e-06
2.511886431509579437e-03 7.943282347242815788e+00 3.913758728532615918e-06
3.981071705534973415e-03 7.943282347242815788e+00 9.779441359176869498e-06
6.309573444801930275e-03 7.943282347242815788e+00 2.435746781961602376e-05
1.000000000000000021e-02 7.943282347242815788e+00 6.032846397277067410e-05
1.584893192461114125e-02 7.943282347242815788e+00 1.481305767032666367e-04
2.511886431509580825e-02 7.943282347242815788e+00 3.588737558210259963e-04
3.981071705534973415e-02 7.943282347242815788e+00 8.522226403427454354e-04
6.309573444801933051e-02 7.943282347242815788e+00 1.967605380528386887e-03
1.000000000000000056e-01 7.943282347242815788e+00 4.379533936935841101e-03
1.584893192461114264e-01 7.943282347242815788e+00 9.336930229209765980e-03
2.511886431509582351e-01 7.943282347242815788e+00 1.902036992750018654e-02
3.981071705534973137e-01 7.943282347242815788e+00 3.708894268353005869e-02
6.309573444801935826e-01 7.943282347242815788e+00 6.944289220582841593e-02
1.000000000000000000e+00 7.943282347242815788e+00 1.250374592138945029e-01
1.584893192461114042e+00 7.943282347242815788e+00 2.164609380010975859e-01
2.511886431509582351e+00 7.943282347242815788e+00 3.600911200419466551e-01
3.981071705534973137e+00 7.943282347242815788e+00 5.757602130971772869e-01
6.309573444801936049e+00 7.943282347242815788e+00 8.855988127770784146e-01
1.000000000000000000e+01 7.943282347242815788e+00 1.312977166377927274e+00
1.584893192461114175e+01 7.943282347242815788e+00 1.880803809733567533e+00
2.511886431509581996e+01 7.943282347242815788e+00 2.610038963281112068e+00
3.981071705534977667e+01 7.943282347242815788e+00 3.520776393559072570e+00
6.309573444801942799e+01 7.943282347242815788e+00 4.630473122849522838e+00
1.000000000000000000e+02 7.943282347242815788e+00 5.953786799162366528e+00
1.584893192461114211e+02 7.943282347242815788e+00 7.503928871832712844e+00
2.511886431509582280e+02 7.943282347242815788e+00 9.292024288319421288e+00
3.981071705534977241e+02 7.943282347242815788e+00 1.132868191306456218e+01
6.309573444801942514e+02 7.943282347242815788e+00 1.361998543180156140e+01
1.000000000000000000e+03 7.943282347242815788e+00 1.617310604651400752e+01
1.584893192461114040e+03 7.943282347242815788e+00 1.899606423787634313e+01
2.511886431509582053e+03 7.943282347242815788e+00 2.209650422807297687e+01
3.981071705534977355e+03 7.943282347242815788e+00 2.548561120753308629e+01
6.309573444801942969e+03 7.943282347242815788e+00 2.916593525339110826e+01
1.000000000000000000e+04 7.943282347242815788e+00 3.314675744934720569e+01
1.000000000000000021e-03 1.000000000000000000e+01 6.824948103574425537e-07
1.584893192461114082e-03 1.000000000000000000e+01 1.710356591011696406e-06
2.511886431509579437e-03 1.000000000000000000e+01 4.281389088288665029e-06
3.981071705534973415e-03 1.000000000000000000e+01 1.068780716914676247e-05
6.309573444801930275e-03 1.000000000000000000e+01 2.656425078552955189e-05
1.000000000000000021e-02 1.000000000000000000e+01 6.557968142848205823e-05
1.584893192461114125e-02 1.000000000000000000e+01 1.602101198211083703e-04
2.511886431509580825e-02 1.000000000000000000e+01 3.852097311658071710e-04
3.981071705534973415e-02 1.000000000000000000e+01 9.052160874447779011e-04
6.309573444801933051e-02 1.000000000000000000e+01 2.062680627328498072e-03
1.000000000000000056e-01 1.000000000000000000e+01 4.525336090045672770e-03
1.584893192461114264e-01 1.000000000000000000e+01 9.519461287616293524e-03
2.511886431509582351e-01 1.000000000000000000e+01 1.920047392961038435e-02
3.981071705534973137e-01 1.000000000000000000e+01 3.722649819845449959e-02
6.309573444801935826e-01 1.000000000000000000e+01 6.951541526077667510e-02
1.000000000000000000e+00 1.000000000000000000e+01 1.250140885730813833e-01
1.584893192461114042e+00 1.000000000000000000e+01 2.162645174023774264e-01
2.511886431509582351e+00 1.000000000000000000e+01 3.596461421509835610e-01
3.981071705534973137e+00 1.000000000000000000e+01 5.748739480399278623e-01
6.309573444801936049e+00 1.000000000000000000e+01 8.841944997896378222e-01
1.000000000000000000e+01 1.000000000000000000e+01 1.310987979510373158e+00
1.584893192461114175e+01 1.000000000000000000e+01 1.877270415673855108e+00
2.511886431509581996e+01 1.000000000000000000e+01 2.604286369371085819e+00
3.981071705534977667e+01 1.000000000000000000e+01 3.512427494531476402e+00
6.309573444801942799e+01 1.000000000000000000e+01 4.618540025847444497e+00
1.000000000000000000e+02 1.000000000000000000e+01 5.937876954941431862e+00
1.584893192461114211e+02 1.000000000000000000e+01 7.482972677463775035e+00
2.511886431509582280e+02 1.000000000000000000e+01 9.265371415221464346e+00
3.981071705534977241e+02 1.000000000000000000e+01 1.129315316764687971e+01
6.309573444801942514e+02 1.000000000000000000e+01 1.357406112061987713e+01
1.000000000000000000e+03 1.000000000000000000e+01 1.611729660150106724e+01
1.584893192461114040e+03 1.000000000000000000e+01 1.893486329238524135e+01
2.511886431509582053e+03 1.000000000000000000e+01 2.204189229955354890e+01
3.981071705534977355e+03 1.000000000000000000e+01 2.543946240840225315e+01
6.309573444801942969e+03 1.000000000000000000e+01 2.913241223679532510e+01
1.000000000000000000e+04 1.000000000000000000e+01 3.312069338557595444e+01
1.000000000000000021e-03 1.258925411794167459e+01 7.419075413734030178e-07
1.584893192461114082e-03 1.258925411794167459e+01 1.858399822048942259e-06
2.511886431509579437e-03 1.258925411794167459e+01 4.646807597263276953e-06
3.981071705534973415e-03 1.258925411794167459e+01 1.158135391596609316e-05
6.309573444801930275e-03 1.258925411794167459e+01 2.871566383522188153e-05
1.000000000000000021e-02 1.258925411794167459e+01 7.061827293389722415e-05
1.584893192461114125e-02 1.258925411794167459e+01 1.714932831442304937e-04
2.511886431509580825e-02 1.258925411794167459e+01 4.088510142022468608e-04
3.981071705534973415e-02 1.258925411794167459e+01 9.501585243812986836e-04
6.309573444801933051e-02 1.258925411794167459e+01 2.137185845483724912e-03
1.000000000000000056e-01 1.258925411794167459e+01 4.628015265932248525e-03
1.584893192461114264e-01 1.258925411794167459e+01 9.631074734577110830e-03
2.511886431509582351e-01 1.258925411794167459e+01 1.929020355691417679e-02
3.981071705534973137e-01 1.258925411794167459e+01 3.726904062541286367e-02
6.309573444801935826e-01 1.258925411794167459e+01 6.948596559100006509e-02
1.000000000000000000e+00 1.258925411794167459e+01 1.248515361849518723e-01
1.584893192461114042e+00 1.258925411794167459e+01 2.158958061877083445e-01
2.511886431509582351e+00 1.258925411794167459e+01 3.589157857673518359e-01
3.981071705534973137e+00 1.258925411794167459e+01 5.736577173591506096e-01
6.309573444801936049e+00 1.258925411794167459e+01 8.824912762846599534e-01
1.000000000000000000e+01 1.258925411794167459e+01 1.308227531653533005e+00
1.584893192461114175e+01 1.258925411794167459e+01 1.872364454152101620e+00
2.511886431509581996e+01 1.258925411794167459e+01 2.596400065728296180e+00
3.981071705534977667e+01 1.258925411794167459e+01 3.500677471796933116e+00
6.309573444801942799e+01 1.258925411794167459e+01 4.602625573462342246e+00
1.000000000000000000e+02 1.258925411794167459e+01 5.916396212936677834e+00
1.584893192461114211e+02 1.258925411794167459e+01 7.454609448746670530e+00
2.511886431509582280e+02 1.258925411794167459e+01 9.227420793704888879e+00
3.981071705534977241e+02 1.258925411794167459e+01 1.124333453579922271e+01
6.309573444801942514e+02 1.258925411794167459e+01 1.351316265921622772e+01
1.000000000000000000e+03 1.258925411794167459e+01 1.605590843358714181e+01
1.584893192461114040e+03 1.258925411794167459e+01 1.888883822380074307e+01
2.511886431509582053e+03 1.258925411794167459e+01 2.200972929117759591e+01
3.981071705534977355e+03 1.258925411794167459e+01 2.541937842933819169e+01
6.309573444801942969e+03 1.258925411794167459e+01 2.911913625253929538e+01
1.000000000000000000e+04 1.258925411794167459e+01 3.311206397988943451e+01
1.000000000000000021e-03 1.584893192461114175e+01 8.009561109515102966e-07
1.584893192461114082e-03 1.584893192461114175e+01 2.004681262013391221e-06
2.511886431509579437e-03 1.584893192461114175e+01 5.006189471809255334e-06
3.981071705534973415e-03 1.584893192461114175e+01 1.245502152386079343e-05
6.309573444801930275e-03 1.584893192461114175e+01 3.079120223313802911e-05
1.000000000000000021e-02 1.584893192461114175e+01 7.537128494474743792e-05
1.584893192461114125e-02 1.584893192461114175e+01 1.817941628056012093e-04
2.511886431509580825e-02 1.584893192461114175e+01 4.294239640601714403e-04
3.981071705534973415e-02 1.584893192461114175e+01 9.866891068106577699e-04
6.309573444801933051e-02 1.584893192461114175e+01 2.192266453141649644e-03
1.000000000000000056e-01 1.584893192461114175e+01 4.694409051386533131e-03
1.584893192461114264e-01 1.584893192461114175e+01 9.689424518605809639e-03
2.511886431509582351e-01 1.584893192461114175e+01 1.931812798356588590e-02
3.981071705534973137e-01 1.584893192461114175e+01 3.724549840711902093e-02
6.309573444801935826e-01 1.584893192461114175e+01 6.936628197190607137e-02
1.000000000000000000e+00 1.584893192461114175e+01 1.245727178149796249e-01
1.584893192461114042e+00 1.584893192461114175e+01 2.153348628126539321e-01
2.511886431509582351e+00 1.584893192461114175e+01 3.579241911422649247e-01
3.981071705534973137e+00 1.584893192461114175e+01 5.721645610327148468e-01
6.309573444801936049e+00 1.584893192461114175e+01 8.802835861135163142e-01
1.000000000000000000e+01 1.584893192461114175e+01 1.304542234730713846e+00
1.584893192461114175e+01 1.584893192461114175e+01 1.865818881135633323e+00
2.511886431509581996e+01 1.584893192461114175e+01 2.585630110089116585e+00
3.981071705534977667e+01 1.584893192461114175e+01 3.485398893750524696e+00
6.309573444801942799e+01 1.584893192461114175e+01 4.581473233767994202e+00
1.000000000000000000e+02 1.584893192461114175e+01 5.887400383267433313e+00
1.584893192461114211e+02 1.584893192461114175e+01 7.415583466531683321e+00
2.511886431509582280e+02 1.584893192461114175e+01 9.175410255011376748e+00
3.981071705534977241e+02 1.584893192461114175e+01 1.117956360749951905e+01
6.309573444801942514e+02 1.584893192461114175e+01 1.345522992472388424e+01
1.000000000000000000e+03 1.584893192461114175e+01 1.602137133161743421e+01
1.584893192461114040e+03 1.584893192461114175e+01 1.886951169612278889e+01
2.511886431509582053e+03 1.584893192461114175e+01 2.199958495285607896e+01
3.981071705534977355e+03 1.584893192461114175e+01 2.541323476720438279e+01
6.309573444801942969e+03 1.584893192461114175e+01 2.911572439968749748e+01
1.000000000000000000e+04 1.584893192461114175e+01 3.310960378607726540e+01
1.000000000000000021e-03 1.995262314968879735e+01 8.582928890833383433e-07
1.584893192461114082e-03 1.995262314968879735e+01 2.147046380098915710e-06
2.511886431509579437e-03 1.995262314968879735e+01 5.356424871221799162e-06
3.981071705534973415e-03 1.995262314968879735e+01 1.329784969315498302e-05
6.309573444801930275e-03 1.995262314968879735e+01 3.275904941512751688e-05
1.000000000000000021e-02 1.995262314968879735e+01 7.976142053514691840e-05
1.584893192461114125e-02 1.995262314968879735e+01 1.909403161970752620e-04
2.511886431509580825e-02 1.995262314968879735e+01 4.466576294859963040e-04
3.981071705534973415e-02 1.995262314968879735e+01 1.014865996722492296e-03
6.309573444801933051e-02 1.995262314968879735e+01 2.229845368702246082e-03
1.000000000000000056e-01 1.995262314968879735e+01 4.731226387054467304e-03
1.584893192461114264e-01 1.995262314968879735e+01 9.709132194508585112e-03
2.511886431509582351e-01 1.995262314968879735e+01 1.930330010442165428e-02
3.981071705534973137e-01 1.995262314968879735e+01 3.716478652166668728e-02
6.309573444801935826e-01 1.995262314968879735e+01 6.917124418953397857e-02
1.000000000000000000e+00 1.995262314968879735e+01 1.241682893945298266e-01
1.584893192461114042e+00 1.995262314968879735e+01 2.145786187020086444e-01
2.511886431509582351e+00 1.995262314968879735e+01 3.566794984865235829e-01
3.981071705534973137e+00 1.995262314968879735e+01 5.702835984317483620e-01
6.309573444801936049e+00 1.995262314968879735e+01 8.774547836635542275e-01
1.000000000000000000e+01 1.995262314968879735e+01 1.299700298683635680e+00
1.584893192461114175e+01 1.995262314968879735e+01 1.857096593904775217e+00
2.511886431509581996e+01 1.995262314968879735e+01 2.571739755718002840e+00
3.981071705534977667e+01 1.995262314968879735e+01 3.465521177129047281e+00
6.309573444801942799e+01 1.995262314968879735e+01 4.553395182492913307e+00
1.000000000000000000e+02 1.995262314968879735e+01 5.849050167167650471e+00
1.584893192461114211e+02 1.995262314968879735e+01 7.363743417984707662e+00
2.511886431509582280e+02 1.995262314968879735e+01 9.110881977340941518e+00
3.981071705534977241e+02 1.995262314968879735e+01 1.112647957988140135e+01
6.309573444801942514e+02 1.995262314968879735e+01 1.343127158590547943e+01
1.000000000000000000e+03 1.995262314968879735e+01 1.601098369071846150e+01
1.584893192461114040e+03 1.995262314968879735e+01 1.886515170166859079e+01
2.511886431509582053e+03 1.995262314968879735e+01 2.199702973545264584e+01
3.981071705534977355e+03 1.995262314968879735e+01 2.541211428243106951e+01
6.309573444801942969e+03 1.995262314968879735e+01 2.911441854914859917e+01
1.000000000000000000e+04 1.995262314968879735e+01 3.310941975326901598e+01
1.000000000000000021e-03 2.511886431509580930e+01 9.146589858381872597e-07
1.584893192461114082e-03 2.511886431509580930e+01 2.286467642684541729e-06
2.511886431509579437e-03 2.511886431509580930e+01 5.695383757729203020e-06
3.981071705534973415e-03 2.511886431509580930e+01 1.410145295739281146e-05
6.309573444801930275e-03 2.511886431509580930e+01 3.459512478213214696e-05
1.000000000000000021e-02 2.511886431509580930e+01 8.372049582589933170e-05
1.584893192461114125e-02 2.511886431509580930e+01 1.987821209257262147e-04
2.511886431509580825e-02 2.511886431509580930e+01 4.604013055866168686e-04
3.981071705534973415e-02 2.511886431509580930e+01 1.034958080814553719e-03
6.309573444801933051e-02 2.511886431509580930e+01 2.251851587160996499e-03
1.000000000000000056e-01 2.511886431509580930e+01 4.745085200955097629e-03
1.584893192461114264e-01 2.511886431509580930e+01 9.701781833618677159e-03
2.511886431509582351e-01 2.511886431509580930e+01 1.925350116960215102e-02
3.981071705534973137e-01 2.511886431509580930e+01 3.703895575498938192e-02
6.309573444801935826e-01 2.511886431509580930e+01 6.890067634580583633e-02
1.000000000000000000e+00 2.511886431509580930e+01 1.236372138692789918e-01
1.584893192461114042e+00 2.511886431509580930e+01 2.136424421363976589e-01
2.511886431509582351e+00 2.511886431509580930e+01 3.551629604672895124e-01
3.981071705534973137e+00 2.511886431509580930e+01 5.680209148209534042e-01
6.309573444801936049e+00 2.511886431509580930e+01 8.739297881350751585e-01
1.000000000000000000e+01 2.511886431509580930e+01 1.293675900693503245e+00
1.584893192461114175e+01 2.511886431509580930e+01 1.845942021437786407e+00
2.511886431509581996e+01 2.511886431509580930e+01 2.554551508366486701e+00
3.981071705534977667e+01 2.511886431509580930e+01 3.440912579754383582e+00
6.309573444801942799e+01 2.511886431509580930e+01 4.519062465254824801e+00
1.000000000000000000e+02 2.511886431509580930e+01 5.802196650076226980e+00
1.584893192461114211e+02 2.511886431509580930e+01 7.303608370408104733e+00
2.511886431509582280e+02 2.511886431509580930e+01 9.063281972889212668e+00
3.981071705534977241e+02 2.511886431509580930e+01 1.110969252018363207e+01
6.309573444801942514e+02 2.511886431509580930e+01 1.342606590205989470e+01
1.000000000000000000e+03 2.511886431509580930e+01 1.600910289029986089e+01
1.584893192461114040e+03 2.511886431509580930e+01 1.886439976390724382e+01
2.511886431509582053e+03 2.511886431509580930e+01 2.199669589733860064e+01
3.981071705534977355e+03 2.511886431509580930e+01 2.541150413796379581e+01
6.309573444801942969e+03 2.511886431509580930e+01 2.911433471454967759e+01
1.000000000000000000e+04 2.511886431509580930e+01 3.310887555328770304e+01
1.000000000000000021e-03 3.162277660168379256e+01 9.693477704230517091e-07
1.584893192461114082e-03 3.162277660168379256e+01 2.420721049037529469e-06
2.511886431509579437e-03 3.162277660168379256e+01 6.017535273729992405e-06
3.981071705534973415e-03 3.162277660168379256e+01 1.485271990019478103e-05
6.309573444801930275e-03 3.162277660168379256e+01 3.626142077272597857e-05
1.000000000000000021e-02 3.162277660168379256e+01 8.714081241729562351e-05
1.584893192461114125e-02 3.162277660168379256e+01 2.051201335990496439e-04
2.511886431509580825e-02 3.162277660168379256e+01 4.704026943312560375e-04
3.981071705534973415e-02 3.162277660168379256e+01 1.047044396050194823e-03
6.309573444801933051e-02 3.162277660168379256e+01 2.260743981197277895e-03
1.000000000000000056e-01 3.162277660168379256e+01 4.742447833700124890e-03
1.584893192461114264e-01 3.162277660168379256e+01 9.674382833806071530e-03
2.511886431509582351e-01 3.162277660168379256e+01 1.918069128909385967e-02
3.981071705534973137e-01 3.162277660168379256e+01 3.687712863022205717e-02
6.309573444801935826e-01 3.162277660168379256e+01 6.857104836299419970e-02
1.000000000000000000e+00 3.162277660168379256e+01 1.230296246314846187e-01
1.584893192461114042e+00 3.162277660168379256e+01 2.125999697997762727e-01
2.511886431509582351e+00 3.162277660168379256e+01 3.535441190639439513e-01
3.981071705534973137e+00 3.162277660168379256e+01 5.655739322793019719e-01
6.309573444801936049e+00 3.162277660168379256e+01 8.703144816925884042e-01
1.000000000000000000e+01 3.162277660168379256e+01 1.286329354226844579e+00
1.584893192461114175e+01 3.162277660168379256e+01 1.833327030761410237e+00
2.511886431509581996e+01 3.162277660168379256e+01 2.536439066885753491e+00
3.981071705534977667e+01 3.162277660168379256e+01 3.415177597589442726e+00
6.309573444801942799e+01 3.162277660168379256e+01 4.483731684835960962e+00
1.000000000000000000e+02 3.162277660168379256e+01 5.755546847097065211e+00
1.584893192461114211e+02 3.162277660168379256e+01 7.265668191670455300e+00
2.511886431509582280e+02 3.162277660168379256e+01 9.051351511717912857e+00
3.981071705534977241e+02 3.162277660168379256e+01 1.110715501475244871e+01
6.309573444801942514e+02 3.162277660168379256e+01 1.342504579587491342e+01
1.000000000000000000e+03 3.162277660168379256e+01 1.600909843851820824e+01
1.584893192461114040e+03 3.162277660168379256e+01 1.886426699167387255e+01
2.511886431509582053e+03 3.162277660168379256e+01 2.199650729846107211e+01
3.981071705534977355e+03 3.162277660168379256e+01 2.541143845709720850e+01
6.309573444801942969e+03 3.162277660168379256e+01 2.911442646251533972e+01
1.000000000000000000e+04 3.162277660168379256e+01 3.310916535328519927e+01
1.000000000000000021e-03 3.981071705534973404e+01 1.020878001408844349e-06
1.584893192461114082e-03 3.981071705534973404e+01 2.545380217772676093e-06
2.511886431509579437e-03 3.981071705534973404e+01 6.311588536883342473e-06
3.981071705534973415e-03 3.981071705534973404e+01 1.551619035460264715e-05
6.309573444801930275e-03 3.981071705534973404e+01 3.766657559912449735e-05
1.000000000000000021e-02 3.981071705534973404e+01 8.986855764522444512e-05
1.584893192461114125e-02 3.981071705534973404e+01 2.096770200905440746e-04
2.511886431509580825e-02 3.981071705534973404e+01 4.763374601964728513e-04
3.981071705534973415e-02 3.981071705534973404e+01 1.051955792719076830e-03
6.309573444801933051e-02 3.981071705534973404e+01 2.260178752256918923e-03
1.000000000000000056e-01 3.981071705534973404e+01 4.729237123405101093e-03
1.584893192461114264e-01 3.981071705534973404e+01 9.637548916750518502e-03
2.511886431509582351e-01 3.981071705534973404e+01 1.909674212800258411e-02
3.981071705534973137e-01 3.981071705534973404e+01 3.670175920159133437e-02
6.309573444801935826e-01 3.981071705534973404e+01 6.823898581486778636e-02
1.000000000000000000e+00 3.981071705534973404e+01 1.224390782590510651e-01
1.584893192461114042e+00 3.981071705534973404e+01 2.116486358085833130e-01
2.511886431509582351e+00 3.981071705534973404e+01 3.520886920806887699e-01
3.981071705534973137e+00 3.981071705534973404e+01 5.636683751443537504e-01
6.309573444801936049e+00 3.981071705534973404e+01 8.663773024983169035e-01
1.000000000000000000e+01 3.981071705534973404e+01 1.278817806672439383e+00
1.584893192461114175e+01 3.981071705534973404e+01 1.822529384941418140e+00
2.511886431509581996e+01 3.981071705534973404e+01 2.520919944717758820e+00
3.981071705534977667e+01 3.981071705534973404e+01 3.393779802591514017e+00
6.309573444801942799e+01 3.981071705534973404e+01 4.454963426865144349e+00
1.000000000000000000e+02 3.981071705534973404e+01 5.731042370659378271e+00
1.584893192461114211e+02 3.981071705534973404e+01 7.258070324005758245e+00
2.511886431509582280e+02 3.981071705534973404e+01 9.050151780998081819e+00
3.981071705534977241e+02 3.981071705534973404e+01 1.110655023778506489e+01
6.309573444801942514e+02 3.981071705534973404e+01 1.342520202225258075e+01
1.000000000000000000e+03 3.981071705534973404e+01 1.600902693752466988e+01
1.584893192461114040e+03 3.981071705534973404e+01 1.886424658646981101e+01
2.511886431509582053e+03 3.981071705534973404e+01 2.199646534885676985e+01
3.981071705534977355e+03 3.981071705534973404e+01 2.541166476291316556e+01
6.309573444801942969e+03 3.981071705534973404e+01 2.911480913287156724e+01
1.000000000000000000e+04 3.981071705534973404e+01 3.310962080109307237e+01
1.000000000000000021e-03 5.011872336272725192e+01 1.066783163866468661e-06
1.584893192461114082e-03 5.011872336272725192e+01 2.655768801466306311e-06
2.511886431509579437e-03 5.011872336272725192e+01 6.564728486904753381e-06
3.981071705534973415e-03 5.011872336272725192e+01 1.606511392056181263e-05
6.309573444801930275e-03 5.011872336272725192e+01 3.875749389045164304e-05
1.000000000000000021e-02 5.011872336272725192e+01 9.176138816956535649e-05
1.584893192461114125e-02 5.011872336272725192e+01 2.122579709622022257e-04
2.511886431509580825e-02 5.011872336272725192e+01 4.786604955410351278e-04
3.981071705534973415e-02 5.011872336272725192e+01 1.051975215227768899e-03
6.309573444801933051e-02 5.011872336272725192e+01 2.254541651536214400e-03
1.000000000000000056e-01 5.011872336272725192e+01 4.712887649678911169e-03
1.584893192461114264e-01 5.011872336272725192e+01 9.599647912266875971e-03
2.511886431509582351e-01 5.011872336272725192e+01 1.901627735256770230e-02
3.981071705534973137e-01 5.011872336272725192e+01 3.654694421204936206e-02
6.309573444801935826e-01 5.011872336272725192e+01 6.795786433833986284e-02
1.000000000000000000e+00 5.011872336272725192e+01 1.219750544023201211e-01
1.584893192461114042e+00 5.011872336272725192e+01 2.109250261273082627e-01
2.511886431509582351e+00 5.011872336272725192e+01 3.512056418109110734e-01
3.981071705534973137e+00 5.011872336272725192e+01 5.618853031041654011e-01
6.309573444801936049e+00 5.011872336272725192e+01 8.626821603050035536e-01
1.000000000000000000e+01 5.011872336272725192e+01 1.273496868836081042e+00
1.584893192461114175e+01 5.011872336272725192e+01 1.814832730999121679e+00
2.511886431509581996e+01 5.011872336272725192e+01 2.510273917007176170e+00
3.981071705534977667e+01 5.011872336272725192e+01 3.379320939227700382e+00
6.309573444801942799e+01 5.011872336272725192e+01 4.442153587465889508e+00
1.000000000000000000e+02 5.011872336272725192e+01 5.726996191878912512e+00
1.584893192461114211e+02 5.011872336272725192e+01 7.257539466958498053e+00
2.511886431509582280e+02 5.011872336272725192e+01 9.049834069065788356e+00
3.981071705534977241e+02 5.011872336272725192e+01 1.110666515304042790e+01
6.309573444801942514e+02 5.011872336272725192e+01 1.342516570547288701e+01
1.000000000000000000e+03 5.011872336272725192e+01 1.600904206665668994e+01
1.584893192461114040e+03 5.011872336272725192e+01 1.886422583611823356e+01
2.511886431509582053e+03 5.011872336272725192e+01 2.199662183718189468e+01
3.981071705534977355e+03 5.011872336272725192e+01 2.541192449695418176e+01
6.309573444801942969e+03 5.011872336272725192e+01 2.911505948186263026e+01
1.000000000000000000e+04 5.011872336272725192e+01 3.310972441044297909e+01
1.000000000000000021e-03 6.309573444801932851e+01 1.106336293590478253e-06
1.584893192461114082e-03 6.309573444801932851e+01 2.746963963516651933e-06
2.511886431509579437e-03 6.309573444801932851e+01 6.765810531068479080e-06
3.981071705534973415e-03 6.309573444801932851e+01 1.647215320531323702e-05
6.309573444801930275e-03 6.309573444801932851e+01 3.948253777843411519e-05
1.000000000000000021e-02 6.309573444801932851e+01 9.278973200415966142e-05
1.584893192461114125e-02 6.309573444801932851e+01 2.132402869873543569e-04
2.511886431509580825e-02 6.309573444801932851e+01 4.787458376003896933e-04
3.981071705534973415e-02 6.309573444801932851e+01 1.049790945562984563e-03
6.309573444801933051e-02 6.309573444801932851e+01 2.248019412155934788e-03
1.000000000000000056e-01 6.309573444801932851e+01 4.697600052313793614e-03
1.584893192461114264e-01 6.309573444801932851e+01 9.566856883782386134e-03
2.511886431509582351e-01 6.309573444801932851e+01 1.895258704213126366e-02
3.981071705534973137e-01 6.309573444801932851e+01 3.642988946207170731e-02
6.309573444801935826e-01 6.309573444801932851e+01 6.776173438468979793e-02
1.000000000000000000e+00 6.309573444801932851e+01 1.216644781624850180e-01
1.584893192461114042e+00 6.309573444801932851e+01 2.105596804673103839e-01
2.511886431509582351e+00 6.309573444801932851e+01 3.504909177872937431e-01
3.981071705534973137e+00 6.309573444801932851e+01 5.603148316460552225e-01
6.309573444801936049e+00 6.309573444801932851e+01 8.604163736685537245e-01
1.000000000000000000e+01 6.309573444801932851e+01 1.270208012675958731e+00
1.584893192461114175e+01 6.309573444801932851e+01 1.810273380213517136e+00
2.511886431509581996e+01 6.309573444801932851e+01 2.504046894482176988e+00
3.981071705534977667e+01 6.309573444801932851e+01 3.373648486043120176e+00
6.309573444801942799e+01 6.309573444801932851e+01 4.440323450855293785e+00
1.000000000000000000e+02 6.309573444801932851e+01 5.726780247117952527e+00
1.584893192461114211e+02 6.309573444801932851e+01 7.257395825222373809e+00
2.511886431509582280e+02 6.309573444801932851e+01 9.049890635222592294e+00
3.981071705534977241e+02 6.309573444801932851e+01 1.110664923155852968e+01
6.309573444801942514e+02 6.309573444801932851e+01 1.342517801580918757e+01
1.000000000000000000e+03 6.309573444801932851e+01 1.600903343094296005e+01
1.584893192461114040e+03 6.309573444801932851e+01 1.886430265293373054e+01
2.511886431509582053e+03 6.309573444801932851e+01 2.199675182258283712e+01
3.981071705534977355e+03 6.309573444801932851e+01 2.541203727714059468e+01
6.309573444801942969e+03 6.309573444801932851e+01 2.911510542689681458e+01
1.000000000000000000e+04 6.309573444801932851e+01 3.310981028172679430e+01
1.000000000000000021e-03 7.943282347242816854e+01 1.137814273205637085e-06
1.584893192461114082e-03 7.943282347242816854e+01 2.817307577290556830e-06
2.511886431509579437e-03 7.943282347242816854e+01 6.909890272235346388e-06
3.981071705534973415e-03 7.943282347242816854e+01 1.673292036179396716e-05
6.309573444801930275e-03 7.943282347242816854e+01 3.986101614445642131e-05
1.000000000000000021e-02 7.943282347242816854e+01 9.315735079436912786e-05
1.584893192461114125e-02 7.943282347242816854e+01 2.132918566894457840e-04
2.511886431509580825e-02 7.943282347242816854e+01 4.779560369252250601e-04
3.981071705534973415e-02 7.943282347242816854e+01 1.047384619199135270e-03
6.309573444801933051e-02 7.943282347242816854e+01 2.242339484457851750e-03
1.000000000000000056e-01 7.943282347242816854e+01 4.685338953790228050e-03
1.584893192461114264e-01 7.943282347242816854e+01 9.542904313735235330e-03
2.511886431509582351e-01 7.943282347242816854e+01 1.890824902270986027e-02
3.981071705534973137e-01 7.943282347242816854e+01 3.635491731829867956e-02
6.309573444801935826e-01 7.943282347242816854e+01 6.764175634074630350e-02
1.000000000000000000e+00 7.943282347242816854e+01 1.215259930461802529e-01
1.584893192461114042e+00 7.943282347242816854e+01 2.102960947196655384e-01
2.511886431509582351e+00 7.943282347242816854e+01 3.498884868690214089e-01
3.981071705534973137e+00 7.943282347242816854e+01 5.594442606401883733e-01
6.309573444801936049e+00 7.943282347242816854e+01 8.591502840457677648e-01
1.000000000000000000e+01 7.943282347242816854e+01 1.268450153843440065e+00
1.584893192461114175e+01 7.943282347242816854e+01 1.807864995110547657e+00
2.511886431509581996e+01 7.943282347242816854e+01 2.501812177472589660e+00
3.981071705534977667e+01 7.943282347242816854e+01 3.372915480167682389e+00
6.309573444801942799e+01 7.943282347242816854e+01 4.440242021888120227e+00
1.000000000000000000e+02 7.943282347242816854e+01 5.726722790676829433e+00
1.584893192461114211e+02 7.943282347242816854e+01 7.257419404988740830e+00
2.511886431509582280e+02 7.943282347242816854e+01 9.049884393227157986e+00
3.981071705534977241e+02 7.943282347242816854e+01 1.110665523312174763e+01
6.309573444801942514e+02 7.943282347242816854e+01 1.342517480849415534e+01
1.000000000000000000e+03 7.943282347242816854e+01 1.600906505287570170e+01
1.584893192461114040e+03 7.943282347242816854e+01 1.886435722460912956e+01
2.511886431509582053e+03 7.943282347242816854e+01 2.199679714629721872e+01
3.981071705534977355e+03 7.943282347242816854e+01 2.541205729155099036e+01
6.309573444801942969e+03 7.943282347242816854e+01 2.911514095224913135e+01
1.000000000000000000e+04 7.943282347242816854e+01 3.310983417192776557e+01
1.000000000000000021e-03 1.000000000000000000e+02 1.161683334388947293e-06
1.584893192461114082e-03 1.000000000000000000e+02 2.866226391234722460e-06
2.511886431509579437e-03 1.000000000000000000e+02 6.996795499617634776e-06
3.981071705534973415e-03 1.000000000000000000e+02 1.686462153125119581e-05
6.309573444801930275e-03 1.000000000000000000e+02 3.999080111388558496e-05
1.000000000000000021e-02 1.000000000000000000e+02 9.317846814423623447e-05
1.584893192461114125e-02 1.000000000000000000e+02 2.130177166668834412e-04
2.511886431509580825e-02 1.000000000000000000e+02 4.771146224323337013e-04
3.981071705534973415e-02 1.000000000000000000e+02 1.045389933767403978e-03
6.309573444801933051e-02 1.000000000000000000e+02 2.238016873113246857e-03
1.000000000000000056e-01 1.000000000000000000e+02 4.676864315455895107e-03
1.584893192461114264e-01 1.000000000000000000e+02 9.527150125590268942e-03
2.511886431509582351e-01 1.000000000000000000e+02 1.888145872928800872e-02
3.981071705534973137e-01 1.000000000000000000e+02 3.631174461866954611e-02
6.309573444801935826e-01 1.000000000000000000e+02 6.759242727559923447e-02
1.000000000000000000e+00 1.000000000000000000e+02 1.214340016105664444e-01
1.584893192461114042e+00 1.000000000000000000e+02 2.100803512582479216e-01
2.511886431509582351e+00 1.000000000000000000e+02 3.495763308171922490e-01
3.981071705534973137e+00 1.000000000000000000e+02 5.589897888350868760e-01
6.309573444801936049e+00 1.000000000000000000e+02 8.585186543332753439e-01
1.000000000000000000e+01 1.000000000000000000e+02 1.267583184990809908e+00
1.584893192461114175e+01 1.000000000000000000e+02 1.807050889477916478e+00
2.511886431509581996e+01 1.000000000000000000e+02 2.501542035043620604e+00
3.981071705534977667e+01 1.000000000000000000e+02 3.372886494278623193e+00
6.309573444801942799e+01 1.000000000000000000e+02 4.440220891612484344e+00
1.000000000000000000e+02 1.000000000000000000e+02 5.726731521658297019e+00
1.584893192461114211e+02 1.000000000000000000e+02 7.257417166100088579e+00
2.511886431509582280e+02 1.000000000000000000e+02 9.049886813155760379e+00
3.981071705534977241e+02 1.000000000000000000e+02 1.110665410912500484e+01
6.309573444801942514e+02 1.000000000000000000e+02 1.342518655682389372e+01
1.000000000000000000e+03 1.000000000000000000e+02 1.600908565849475806e+01
1.584893192461114040e+03 1.000000000000000000e+02 1.886437398301846358e+01
2.511886431509582053e+03 1.000000000000000000e+02 2.199680455871190432e+01
3.981071705534977355e+03 1.000000000000000000e+02 2.541207058822187648e+01
6.309573444801942969e+03 1.000000000000000000e+02 2.911514753199506345e+01
1.000000000000000000e+04 1.000000000000000000e+02 3.310983503108008819e+01
