beta	a	b	lmax	sigmav/((4 pi)/k^2)	Deltasigmav	delta_lmax	counter
0.001	49999.99999999999	2.0000000000000002e-7	63	1.4894722271855633e-9	0.002582371863347547	-0.00003169912958144499	10
0.001202264434617413	41588.18855513354	2.404528869234826e-7	41	7.41522451336777e-10	0.004126990093545534	-0.000021043378796988105	10
0.001445439770745928	34591.54854594681	2.8908795414918563e-7	50	9.813364293484123e-10	0.002853896389391813	-0.00002567077432001276	10
0.0017378008287493763	28771.996866857833	3.475601657498753e-7	69	2.2542824951582606e-9	0.0028313661656819357	-0.000034896698052325225	10
0.0020892961308540386	23931.50461613193	4.1785922617080775e-7	69	2.324263757654988e-9	0.008979477554616734	-0.000036050082679922996	10
0.0025118864315095794	19905.358527674867	5.023772863019159e-7	52	9.59559940284322e-10	0.004913055096740965	-0.000026342883449441884	10
0.003019951720402016	16556.556074129556	6.039903440804033e-7	59	1.4384619788415455e-9	0.00891109480962335	-0.000029579572019398976	10
0.003630780547701014	13771.14351669083	7.261561095402028e-7	52	1.0301446769185918e-9	0.002383066157882109	-0.00002707798691340122	10
0.004365158322401661	11454.338263838861	8.730316644803322e-7	54	1.1380870526586609e-9	0.00008509100909748381	-0.000027838493684802393	10
0.005248074602497723	9527.303589816242	1.0496149204995447e-6	68	1.5582845409691296e-9	0.0007573349855719893	-0.000033993784223787246	10
0.00630957344480193	7924.4659623055695	1.2619146889603861e-6	67	1.7618218660023745e-9	7.296155715275805e-6	-0.00003363639147876906	10
0.007585775750291836	6591.283692782037	1.5171551500583673e-6	58	1.4140197246487948e-9	0.00655960207975147	-0.000029487494283219325	10
0.009120108393559097	5482.390980715925	1.8240216787118195e-6	52	9.784063443603033e-10	0.0004769117119044573	-0.000026343776122395794	10
0.01096478196143185	4560.054196779548	2.19295639228637e-6	51	9.902371848755232e-10	0.009620064522253455	-0.000025581337632678134	10
0.013182567385564075	3792.887875145918	2.636513477112815e-6	58	1.222644007837565e-9	0.0004189545739158347	-0.000029400208609953892	10
0.015848931924611134	3154.7867224009665	3.169786384922227e-6	59	1.233857702152933e-9	8.38889782249661e-6	-0.000030193957274500236	10
0.019054607179632473	2624.0373012488626	3.810921435926495e-6	57	1.1474471274660644e-9	0.0024455090686513873	-0.000029254525848407388	10
0.022908676527677734	2182.5791612008293	4.581735305535547e-6	64	1.4668307735174115e-9	0.0006189286483158155	-0.000032696558495945055	10
0.02754228703338166	1815.390273850507	5.508457406676333e-6	53	1.3015684296882862e-9	0.003053894503256209	-0.000027002001389257755	10
0.03311311214825911	1509.975860201008	6.622622429651823e-6	58	1.4414814579315027e-9	0.007935922454370149	-0.00002972700016514565	10
0.039810717055349734	1255.9432157547897	7.962143411069947e-6	51	9.215874978230143e-10	0.0027470479780395828	-0.000025565425941804996	10
0.047863009232263824	1044.64806542702	9.572601846452765e-6	53	1.4557724063850383e-9	0.0007851230695124564	-0.000028344244686100352	10
0.057543993733715694	868.9004143746877	0.000011508798746743139	67	1.5484457448640623e-9	0.0020800327579870393	-0.00003354414606463088	10
0.06918309709189366	722.7198853729636	0.000013836619418378732	56	1.4502773867476861e-9	0.00007900344605380936	-0.0000285941006915173	10
0.08317637711026708	601.1322173087066	0.00001663527542205342	70	2.095542393870538e-9	9.250007442943781e-6	-0.000035297896275365575	10
0.1	500.	0.00002	52	9.951301871002607e-10	0.005545049621875043	-0.000026004185562384557	10
0.12022644346174131	415.8818855513354	0.000024045288692348264	65	1.4014526845343168e-9	0.0040763501369634764	-0.00003258370842800873	10
0.1445439770745928	345.91548545946813	0.00002890879541491856	68	2.101290516640678e-9	0.00043068328770889405	-0.000033742673584337616	10
0.17378008287493762	287.71996866857836	0.00003475601657498753	54	1.237121598477364e-9	0.008893153761408472	-0.000027111901659057024	10
0.20892961308540386	239.3150461613193	0.00004178592261708078	56	1.190257564735827e-9	0.000015317507042079648	-0.000029127554887014542	10
0.25118864315095796	199.0535852767487	0.000050237728630191596	75	2.0525829477878027e-9	0.0002938833759110982	-0.00003817146968829103	10
0.3019951720402016	165.56556074129554	0.00006039903440804032	59	1.5005082404595349e-9	0.005450230049966161	-0.0000299933725283298	10
0.3630780547701014	137.7114351669083	0.00007261561095402028	61	1.277722768622776e-9	0.0002114410578279487	-0.00003054869318463181	10
0.4365158322401661	114.54338263838862	0.00008730316644803323	50	9.002083942820471e-10	0.004905178128106606	-0.0000256069013423522	10
0.5248074602497729	95.2730358981623	0.00010496149204995457	55	1.1940947476624215e-9	0.0009050736943967581	-0.00002775060382104704	10
0.6309573444801936	79.24465962305563	0.00012619146889603872	53	1.0660923844122542e-9	0.0012577771096674126	-0.000026505393409051603	10
0.7585775750291835	65.91283692782036	0.00015171551500583672	51	8.827104134468136e-10	0.00882057556062009	-0.000025733724116445444	10
0.9120108393559097	54.823909807159254	0.00018240216787118193	63	1.369036471497698e-9	0.004043348399898507	-0.00003127165282807116	10
1.096478196143185	45.600541967795486	0.00021929563922863703	59	1.234819806091054e-9	0.003939614748442632	-0.000028932636138515382	10
1.3182567385564075	37.92887875145918	0.0002636513477112815	49	1.2172869311736816e-9	0.0002757160986294551	-0.000025057908134092307	10
1.584893192461114	31.54786722400965	0.00031697863849222284	63	1.5478350299004018e-9	0.0008432137151039346	-0.000031364741021000136	10
1.9054607179632483	26.240373012488615	0.0003810921435926497	69	1.734743365078361e-9	0.00789871866645985	-0.00003364462664515322	10
2.2908676527677723	21.825791612008306	0.00045817353055355446	50	9.47230993229087e-10	0.0007230964273461803	-0.000025338724285374105	10
2.7542287033381663	18.153902738505067	0.0005508457406676332	59	1.1542221999990256e-9	0.008801972449464419	-0.000029643497903937458	10
3.311311214825911	15.099758602010079	0.0006622622429651823	56	1.1284188769677042e-9	0.0023965018376296034	-0.00002835466861086999	10
3.981071705534973	12.559432157547898	0.0007962143411069947	61	1.6511958783935068e-9	0.00009885113655300835	-0.000031120548472917535	10
4.786300923226385	10.446480654270193	0.0009572601846452771	42	7.229001017848839e-10	0.0047854105555787604	-0.00002146527797953166	10
5.754399373371572	8.689004143746873	0.0011508798746743146	36	5.665886401974287e-10	0.005296465420894036	-0.000018973528727776167	10
6.918309709189363	7.227198853729639	0.0013836619418378727	39	6.94760888824009e-10	0.00524644137354184	-0.00002006848047334211	10
8.317637711026709	6.0113221730870645	0.001663527542205342	36	7.306627152022247e-10	0.005951321763969027	-0.000018544386264500796	10
10.	5.	0.002	22	4.505991431129743e-10	0.002223387309166404	-0.000010921226046214867	10
12.02264434617413	4.1588188555133545	0.0024045288692348264	20	5.704762157999794e-10	0.0005773756078098657	-0.00001088502203383813	10
14.45439770745928	3.4591548545946806	0.0028908795414918564	12	6.648985433511764e-10	0.004765896626287461	-6.540548373306702e-6	10
17.378008287493763	2.8771996866857834	0.003475601657498753	12	9.22576307512885e-10	0.0018548323764508328	-6.413671489787545e-6	10
20.892961308540407	2.3931504616131902	0.0041785922617080815	10	1.2734684156933773e-9	0.00046377521825803446	-5.6263821795784395e-6	10
25.11886431509582	1.990535852767485	0.005023772863019164	10	1.801562164616724e-9	0.0041157228375405365	-5.2542370832973284e-6	10
30.199517204020193	1.6556556074129538	0.006039903440804039	10	2.6139618157271206e-9	0.0019134735209281836	-5.3101768182249245e-6	10
36.30780547701018	1.3771143516690816	0.007261561095402036	10	3.679408298864014e-9	0.001057640587260408	-5.576560286502199e-6	10
43.65158322401656	1.1454338263838872	0.008730316644803313	10	5.280822729218363e-9	0.0008090212285349537	-5.884826009819544e-6	10
52.48074602497723	0.9527303589816241	0.010496149204995446	10	7.600641807126032e-9	0.001408946135234891	-5.231414443098172e-6	10
63.0957344480193	0.792446596230557	0.01261914688960386	10	1.0921929145702947e-8	0.00022543764718156652	-5.773065957474063e-6	10
75.85775750291836	0.6591283692782036	0.015171551500583674	10	1.5774182033751134e-8	0.000362584930384774	-5.263444830985509e-6	10
91.20108393559097	0.5482390980715925	0.018240216787118197	10	2.2775456309134025e-8	0.00036702539273777756	-5.265408579360891e-6	10
109.64781961431851	0.4560054196779548	0.0219295639228637	10	3.300383931106714e-8	0.00021419628898358307	-5.654786686267328e-6	10
131.82567385564073	0.37928878751459183	0.026365134771128146	10	4.765932728938532e-8	0.00009249343396163268	-5.0610200909151684e-6	10
158.48931924611142	0.31547867224009646	0.03169786384922228	10	6.919742669917464e-8	0.0002937034617492062	-4.9155568845116366e-6	10
190.54607179632484	0.26240373012488616	0.03810921435926497	10	1.0051251100191326e-7	0.00004966997514741119	-5.41485952467296e-6	10
229.08676527677747	0.2182579161200828	0.045817353055355496	10	1.4607824937393786e-7	0.000032237774625584335	-5.862919824594358e-6	10
275.4228703338169	0.1815390273850505	0.055084574066763384	10	2.1281486471767662e-7	0.000038983710177798136	-5.225981226197879e-6	10
331.1311214825914	0.15099758602010066	0.06622622429651828	10	3.1082141114632553e-7	6.629589031133762e-6	-5.777530764065921e-6	10
398.1071705534977	0.12559432157547887	0.07962143411069955	10	4.5534709234196557e-7	0.000026858340588381357	-5.294081943672771e-6	10
478.630092322638	0.10446480654270204	0.0957260184645276	10	6.691580970353051e-7	0.000011347449755235397	-5.495772446271637e-6	10
575.4399373371566	0.08689004143746883	0.11508798746743133	10	9.868345230006205e-7	0.000013117966081838234	-5.333820608080212e-6	10
691.8309709189363	0.0722719885372964	0.13836619418378726	10	1.4614570957016594e-6	8.66731394164495e-6	-5.07890124111539e-6	10
831.7637711026708	0.06011322173087065	0.16635275422053417	10	2.1778844918720714e-6	2.997073693488815e-7	-5.7087445339589605e-6	10
1000.	0.05	0.2	10	3.2678079331929488e-6	1.8112303168453486e-6	-5.342789764030724e-6	10
1202.2644346174131	0.04158818855513354	0.24045288692348263	10	4.945480352037964e-6	2.427128393126298e-6	-5.084033796295033e-6	10
1445.439770745928	0.034591548545946815	0.2890879541491856	10	7.571607560704275e-6	1.522114153457233e-6	-5.1382735497682674e-6	10
1737.8008287493763	0.028771996866857833	0.34756016574987525	10	0.000011762389429532424	5.489308869855334e-7	-5.375862053484072e-6	10
2089.2961308540407	0.0239315046161319	0.4178592261708082	10	0.000018628895199871254	5.016240748876985e-7	-5.414589449477749e-6	10
2511.886431509582	0.019905358527674846	0.5023772863019165	10	0.000030279506258177882	5.6786290418974726e-8	-5.476407100024523e-6	10
3019.951720402019	0.01655655607412954	0.6039903440804039	10	0.000051026888578936934	8.085457324919559e-8	-5.3905646026524684e-6	10
3630.7805477010174	0.013771143516690816	0.7261561095402035	10	0.00009064756025985782	9.094646327156686e-8	-5.285541135583275e-6	10
4365.158322401666	0.011454338263838848	0.8730316644803332	10	0.00017473753757251285	4.1197300525977805e-8	-5.604203093192221e-6	10
5248.074602497723	0.00952730358981624	1.0496149204995446	10	0.0003875072447848979	1.6404621635936983e-8	-5.3843293989073734e-6	10
6309.57344480193	0.007924465962305569	1.261914688960386	10	0.0011430993763644345	1.2782859066773353e-8	-4.855432813862712e-6	10
7585.775750291836	0.006591283692782037	1.5171551500583673	10	0.008023455768396921	2.549494350189728e-10	-5.520816178961491e-6	10
9120.108393559096	0.005482390980715926	1.8240216787118193	10	0.03219976468827504	2.0509667020104997e-10	-5.199124560403479e-6	10
10964.78196143185	0.004560054196779548	2.19295639228637	10	0.0022422431859209805	3.355220909043956e-9	-4.9387928066835e-6	10
13182.567385564074	0.0037928878751459175	2.636513477112815	10	0.0007108842819556559	2.0640526862820944e-8	-5.070858733877358e-6	10
15848.93192461114	0.0031547867224009647	3.1697863849222285	10	0.0002928296426555972	2.2340594262335756e-8	-5.4637275776096014e-6	10
19054.607179632483	0.0026240373012488614	3.8109214359264967	10	0.00010293064201811777	5.963654008610818e-8	-5.489079475162533e-6	10
22908.676527677748	0.0021825791612008283	4.58173530553555	10	6.278998242623655e-6	4.5807851744299225e-7	-5.381617345703503e-6	10
27542.28703338169	0.001815390273850505	5.508457406676338	10	0.00012647330812194538	1.1513617631940094e-8	-5.775885909678231e-6	10
33113.11214825915	0.0015099758602010063	6.62262242965183	10	0.007341639549186775	6.41546745378251e-10	-5.340855759700252e-6	10
39810.71705534977	0.0012559432157547886	7.962143411069954	10	0.004813337554847835	9.211557390766241e-10	-5.547418030319459e-6	10
47863.0092322638	0.0010446480654270204	9.572601846452761	10	0.0009322351554990235	2.1108281849164365e-9	-5.509538042450394e-6	10
57543.993733715666	0.000868900414374688	11.508798746743134	10	0.00028573225526878074	2.004814960790471e-8	-5.3577687428311605e-6	10
69183.09709189362	0.000722719885372964	13.836619418378724	10	1.5756530861666576e-6	9.69959011262354e-6	-4.902035779274436e-6	10
83176.37711026709	0.0006011322173087065	16.635275422053418	10	0.016621355146110777	4.2224653079764764e-10	-5.439894778467912e-6	10
100000.	0.0005	20.	10	0.0022216001213918703	1.6720719625533846e-9	-5.520250670351544e-6	10