beta	a	b	lmax	sigmaT/((4 pi)/k^2)	DeltasigmaT	delta_lmax	counter
0.001	100.	0.05	17	0.00004521207365386075	0.00014245452705748061	-0.00010738617742318882	10
0.001202264434617413	83.1763771102671	0.06011322173087065	17	0.00006533234821077902	0.00015904649561031267	-0.00012693775962895767	10
0.001445439770745928	69.18309709189363	0.0722719885372964	17	0.00009439933698372359	0.0001509413570452761	-0.00015094213383498717	10
0.0017378008287493763	57.543993733715666	0.08689004143746881	17	0.0001363963991291225	0.0001469147815046351	-0.0001796209115002176	10
0.0020892961308540386	47.863009232263856	0.10446480654270193	17	0.00019703943815100992	0.00015382551161260968	-0.000214209082372596	10
0.0025118864315095794	39.810717055349734	0.12559432157547898	17	0.00028461476165080225	0.0001530498058188055	-0.0002554496787667523	10
0.003019951720402016	33.11311214825911	0.1509975860201008	17	0.0004110058508852335	0.00015501913558864218	-0.0003053487214157614	10
0.003630780547701014	27.542287033381662	0.1815390273850507	17	0.0005934462855403953	0.00015720900626788525	-0.0003654167022667686	10
0.004365158322401661	22.908676527677724	0.21825791612008305	17	0.0008566914232916823	0.00015908058686300746	-0.00043830465378540996	10
0.005248074602497723	19.054607179632484	0.26240373012488616	17	0.0012364181220808667	0.00015978120354752373	-0.0005250375434037967	10
0.00630957344480193	15.84893192461114	0.3154786722400965	17	0.0017839135295026985	0.0001382514577226663	-0.0006210700642435157	10
0.007585775750291836	13.182567385564074	0.3792887875145918	17	0.0025729052114642106	0.00015855650847457537	-0.0007462170531718727	10
0.009120108393559097	10.96478196143185	0.4560054196779548	17	0.0037043762512168218	0.00015951572917937974	-0.0008971590543901882	10
0.01096478196143185	9.120108393559097	0.5482390980715925	17	0.005335814425218	0.00016002417186563808	-0.0010784088298142753	10
0.013182567385564075	7.585775750291835	0.6591283692782037	17	0.007692700830248158	0.00016027128350268175	-0.0012961092184999258	10
0.015848931924611134	6.3095734448019325	0.7924465962305567	17	0.011064136467013427	0.00016086999606886469	-0.0015579531066628979	10
0.019054607179632473	5.248074602497725	0.9527303589816236	17	0.01579536190702222	0.00016305734888588726	-0.001872692892765523	10
0.022908676527677734	4.365158322401659	1.1454338263838868	17	0.022798065874786395	0.00016342505848726595	-0.0022511612267139052	10
0.02754228703338166	3.6307805477010135	1.3771143516690831	17	0.03263759703916204	0.00016480371866437892	-0.0027057745577433465	10
0.03311311214825911	3.0199517204020156	1.6556556074129556	17	0.04660870148298385	0.00016676603866193538	-0.003252556145562286	10
0.039810717055349734	2.5118864315095797	1.9905358527674868	17	0.06635065335081462	0.0001691952794462385	-0.003909584532598452	10
0.047863009232263824	2.0892961308540396	2.393150461613191	17	0.09407567870452567	0.0001724218309193165	-0.00469922955585842	10
0.057543993733715694	1.7378008287493756	2.8771996866857847	17	0.1327081356730817	0.0001765001516821345	-0.005648464545996541	10
0.06918309709189366	1.4454397707459274	3.459154854594683	17	0.1860130431324043	0.00018186419158100584	-0.006788974116844682	10
0.08317637711026708	1.2022644346174132	4.1588188555133545	17	0.2586810863162516	0.00018884221150160734	-0.008159528362145825	10
0.1	1.	5.	17	0.35631923910494506	0.000197936624540196	-0.009806155111245217	10
0.12022644346174131	0.8317637711026709	6.011322173087065	17	0.4852075503504643	0.00020975540223838648	-0.011784030019360634	10
0.1445439770745928	0.6918309709189363	7.227198853729639	17	0.6528043085052289	0.000224981642084093	-0.014160050355064032	10
0.17378008287493762	0.5754399373371567	8.689004143746882	18	0.8665663539964742	0.00016289311881318783	-0.013582794947580804	10
0.20892961308540386	0.47863009232263853	10.446480654270193	18	1.1341678548408287	0.0001795582753645756	-0.016319952231262345	10
0.25118864315095796	0.3981071705534973	12.559432157547898	18	1.4641262080196853	0.00020052164486298061	-0.01960570200834429	10
0.3019951720402016	0.3311311214825911	15.09975860201008	18	1.8655170837540256	0.00022678477188240977	-0.023549907710270063	10
0.3630780547701014	0.2754228703338166	18.15390273850507	18	2.348778897957992	0.0002594218973331502	-0.02828264741577	10
0.4365158322401661	0.22908676527677724	21.825791612008306	19	2.9251778344376196	0.0002003808815479794	-0.027166805499497338	10
0.5248074602497729	0.1905460717963246	26.240373012488643	19	3.605943251563533	0.00023394026377792005	-0.0326198876733315	10
0.6309573444801936	0.15848931924611126	31.54786722400968	20	4.403915656176092	0.0001844348001486733	-0.03137098876079267	10
0.7585775750291835	0.13182567385564076	37.92887875145918	20	5.330096696752352	0.00021913025648243045	-0.03765924320752573	10
0.9120108393559097	0.1096478196143185	45.60054196779548	20	6.397148890772746	0.00026231417917733175	-0.04519505441500358	10
1.096478196143185	0.09120108393559098	54.823909807159254	21	7.61842847414905	0.00021223406507768123	-0.04351345510752825	10
1.3182567385564075	0.07585775750291836	65.91283692782038	21	9.00288449618838	0.0002577012539186984	-0.05220344798147609	10
1.584893192461114	0.0630957344480193	79.2446596230557	22	10.564989709224959	0.00021174369578144079	-0.050312135287937494	10
1.9054607179632483	0.05248074602497722	95.27303589816242	22	12.311865846435188	0.00026038157340326054	-0.06033730772649498	10
2.2908676527677723	0.04365158322401661	114.54338263838861	22	14.255255024476185	0.0003217339324896963	-0.07232487678242809	10
2.7542287033381663	0.03630780547701014	137.7114351669083	23	16.409189214650652	0.0002696717853116723	-0.06977267927591246	10
3.311311214825911	0.03019951720402016	165.56556074129557	23	18.775684784375958	0.0003365904674875834	-0.08359106341990759	10
3.981071705534973	0.025118864315095794	199.05358527674866	24	21.372433595448662	0.00028544734265135285	-0.08071172847657192	10
4.786300923226385	0.02089296130854039	239.31504616131923	24	24.197644856686754	0.00035929205302538567	-0.09663745923285197	10
5.754399373371572	0.017378008287493744	287.7199686685786	25	27.271355150043586	0.00030794290699267786	-0.09338584707461517	10
6.918309709189363	0.01445439770745928	345.91548545946813	26	30.59506636986961	0.0002652184717179235	-0.09030662566478194	10
8.317637711026709	0.012022644346174132	415.8818855513355	26	34.16810656606133	0.0003376756578176404	-0.10805565909518582	10
10.	0.01	500.	27	38.013170928014745	0.0002934152273639055	-0.104568358833589	10
12.02264434617413	0.008317637711026709	601.1322173087066	27	42.11772764621455	0.00037548139798350823	-0.12501804404082903	10
14.45439770745928	0.006918309709189362	722.7198853729641	28	46.50968980501914	0.00032888612983961705	-0.12106647076667915	10
17.378008287493763	0.005754399373371566	868.9004143746881	28	51.16876095983612	0.00042247132915199445	-0.14460567267430458	10
20.892961308540407	0.004786300923226381	1044.6480654270204	29	56.13032667773202	0.00037270391616324027	-0.1401264940537383	10
25.11886431509582	0.00398107170553497	1255.943215754791	30	61.38411766860635	0.0003298824934832483	-0.13585728685258425	10
30.199517204020193	0.003311311214825908	1509.9758602010097	30	66.91526443710518	0.0004262118562532556	-0.16211302882501774	10
36.30780547701018	0.0027542287033381634	1815.390273850509	31	72.76805354841085	0.0003795782399162305	-0.1572681787032387	10
43.65158322401656	0.0022908676527677745	2182.579161200828	31	78.89971714996604	0.0004909970327202782	-0.18742969008613786	10
52.48074602497723	0.0019054607179632484	2624.0373012488612	32	85.36855694466172	0.00043969253539421094	-0.18193307211291995	10
63.0957344480193	0.001584893192461114	3154.786722400965	33	92.15074438452947	0.0003947461123797751	-0.17667425697580533	10
75.85775750291836	0.0013182567385564073	3792.887875145918	33	99.21460540862743	0.0005119974091951938	-0.21028979534564612	10
91.20108393559097	0.001096478196143185	4560.054196779549	34	106.63508356429497	0.0004619056347037785	-0.20432149511581502	10
109.64781961431851	0.0009120108393559097	5482.390980715925	34	114.33128062220679	0.0005983843333071409	-0.24281189774921602	10
131.82567385564073	0.0007585775750291836	6591.283692782036	35	122.40317128277604	0.0005423044755804485	-0.2360471881485239	10
158.48931924611142	0.000630957344480193	7924.465962305571	36	130.8044084176498	0.0004924133675786308	-0.22955311954979	10
190.54607179632484	0.0005248074602497723	9527.303589816242	36	139.4752680781983	0.0006379228654017131	-0.27235517363735534	10
229.08676527677747	0.0004365158322401656	11454.338263838874	37	148.5451582116851	0.0005815741381902166	-0.2649973182189014	10
275.4228703338169	0.000363078054770101	13771.143516690845	38	157.95218819063913	0.0005311033256123193	-0.2579205929300957	10
331.1311214825914	0.0003019951720402013	16556.55607412957	38	167.61730530549445	0.0006871893775360203	-0.30546221924803396	10
398.1071705534977	0.0002511886431509577	19905.358527674885	39	177.7079651769517	0.0006298182445389223	-0.2974513547322974	10
478.630092322638	0.0002089296130854041	23931.5046161319	40	188.14248572171178	0.0005780670825094472	-0.28973289288865156	10
575.4399373371566	0.00017378008287493763	28771.99686685783	41	198.92292720981638	0.0005313034377316896	-0.2822907829855576	10
691.8309709189363	0.0001445439770745928	34591.54854594681	42	210.05126189579647	0.0004889755463586837	-0.2751109013864319	10
831.7637711026708	0.00012022644346174132	41588.18855513354	42	221.42960156426267	0.0006335678783343873	-0.32531128367166817	10
1000.	0.0001	50000.	43	233.26210166417607	0.0005848849595247984	-0.31718016875132393	10
1202.2644346174131	0.00008317637711026709	60113.22173087066	44	245.44782669562838	0.0005405608943141774	-0.30932363478873354	10
1445.439770745928	0.00006918309709189363	72271.98853729639	45	257.98843899192764	0.0005001489104605549	-0.3017281024171052	10
1737.8008287493763	0.00005754399373371567	86890.04143746881	46	270.88552804068286	0.00046325941359244625	-0.29438171876015357	10
2089.2961308540407	0.00004786300923226381	104464.80654270203	47	284.14062140435743	0.00042952552320773326	-0.2872717729419007	10
2511.886431509582	0.000039810717055349695	125594.3215754791	48	297.75517937130576	0.00039864569025977424	-0.2803881012325822	10
3019.951720402019	0.000033113112148259076	150997.58602010095	48	311.6152117032717	0.0005180905545751022	-0.33113658574315025	10
3630.7805477010174	0.000027542287033381636	181539.02738505087	49	325.95603642997816	0.0004820470720143063	-0.32333104437845345	10
4365.158322401666	0.000022908676527677698	218257.9161200833	50	340.6603046449606	0.00044889190448549365	-0.3157643812519549	10
5248.074602497723	0.00001905460717963248	262403.73012488615	51	355.7292684032821	0.00041836118259418664	-0.3084267160251769	10
6309.57344480193	0.00001584893192461114	315478.6722400965	52	371.1641430709864	0.00039022789919666926	-0.3013080168865746	10
7585.775750291836	0.000013182567385564073	379288.78751459176	53	386.96608948469066	0.0003642603585404844	-0.2943991620439422	10
9120.108393559096	0.000010964781961431852	456005.4196779548	53	402.9991032888318	0.0004732959403539348	-0.3471445555100979	10
10964.78196143185	9.120108393559096e-6	548239.0980715925	54	419.5422070356121	0.0004427852282499485	-0.3393131293563423	10
13182.567385564074	7.585775750291836e-6	659128.3692782037	55	436.4555367460528	0.000414502031087409	-0.33170417037743766	10
15848.93192461114	6.3095734448019305e-6	792446.5962305571	56	453.74011477875945	0.00038828177259875275	-0.3243092071525656	10
19054.607179632483	5.248074602497723e-6	952730.3589816241	57	471.3969137214575	0.0003639650901895525	-0.3171213368210393	10
22908.676527677748	4.365158322401657e-6	1.1454338263838873e6	58	489.42688579183437	0.0003413734439125145	-0.31013100538318716	10
27542.28703338169	3.63078054770101e-6	1.3771143516690845e6	59	507.8309410355875	0.00032037794332241725	-0.30333138723927466	10
33113.11214825915	3.0199517204020125e-6	1.6556556074129574e6	59	526.4515834299121	0.00041627277922561586	-0.3571754641146583	10
39810.71705534977	2.511886431509577e-6	1.9905358527674885e6	60	545.610592741447	0.00039141612441087365	-0.34946881650782996	10
47863.0092322638	2.089296130854041e-6	2.39315046161319e6	61	565.1461514077093	0.0003682395290863019	-0.34196614341591614	10
57543.993733715666	1.7378008287493763e-6	2.8771996866857833e6	62	585.059073002459	0.00034660976338837004	-0.33465953935593945	10
69183.09709189362	1.4454397707459281e-6	3.459154854594681e6	63	605.3501314619871	0.00032641424364267973	-0.32754271493903375	10
83176.37711026709	1.2022644346174132e-6	4.1588188555133543e6	64	626.0200966749677	0.0003075474803877761	-0.3206086027327065	10
100000.	1.e-6	5.e6	65	647.0696864140017	0.00028989736010875424	-0.31385104106583117	10