beta	a	b	lmax	sigmav/((4 pi)/k^2)	Deltasigmav	delta_lmax	counter
0.001	250.	0.008	13	4.736735382614223e-6	2.686334154266553e-7	-7.974763168643198e-6	10
0.001202264434617413	207.94094277566774	0.009618115476939304	13	6.849017386135743e-6	6.75653719692094e-8	-8.23712264463172e-6	10
0.001445439770745928	172.95774272973406	0.011563518165967424	13	9.898331118425263e-6	1.1999562579422208e-8	-8.802585179993634e-6	10
0.0017378008287493763	143.85998433428918	0.01390240662999501	13	0.000014307074744104762	2.3426908959982198e-7	-8.909080062843525e-6	10
0.0020892961308540386	119.65752308065964	0.01671436904683231	13	0.000020676153632350616	1.551505718254062e-11	-9.182620559016262e-6	10
0.0025118864315095794	99.52679263837435	0.020095091452076635	13	0.00002987268198639219	1.1019563382185895e-7	-9.86235659073843e-6	10
0.003019951720402016	82.78278037064777	0.02415961376321613	13	0.00004315605994216788	5.518439737700234e-8	-9.900285151133901e-6	10
0.003630780547701014	68.85571758345415	0.029046244381608112	13	0.00006233681478631934	3.7995184205496293e-7	-0.00001101396646833501	10
0.004365158322401661	57.27169131919431	0.03492126657921329	13	0.00009003326700750261	7.953459984289576e-7	-0.000012367906764923037	10
0.005248074602497723	47.63651794908121	0.04198459681998178	13	0.00013001854084748082	4.422277154470673e-7	-0.000013044972646095202	10
0.00630957344480193	39.62232981152785	0.05047658755841544	13	0.00018770402556917998	6.687324149720699e-7	-0.000014884346840290985	10
0.007585775750291836	32.95641846391018	0.06068620600233469	13	0.0002709308476683586	3.700481869171555e-7	-0.000015106776065607962	10
0.009120108393559097	27.411954903579627	0.07296086714847277	13	0.00039083320034423045	7.967475662954863e-7	-0.000017934081280068665	10
0.01096478196143185	22.800270983897743	0.0877182556914548	13	0.0005636939079644461	7.441443948550375e-7	-0.00001974420000813304	10
0.013182567385564075	18.96443937572959	0.1054605390845126	13	0.0008126852665104779	7.992518834374426e-7	-0.000022584087900775366	10
0.015848931924611134	15.773933612004832	0.12679145539688907	13	0.0011710246025044791	7.745220840930247e-7	-0.000025649216728940253	10
0.019054607179632473	13.120186506244314	0.1524368574370598	13	0.0016863092499372647	9.268324646970743e-7	-0.000029712524412790136	10
0.022908676527677734	10.912895806004148	0.18326941222142187	13	0.0024228493692336935	7.793740557398876e-7	-0.000034043292937249096	10
0.02754228703338166	9.076951369252535	0.22033829626705329	13	0.0034820114219067705	8.394113942791856e-7	-0.000039388357091247545	10
0.03311311214825911	7.549879301005039	0.2649048971860729	13	0.0050114825483258	8.387021120531065e-7	-0.000045723546992884136	10
0.039810717055349734	6.279716078773949	0.3184857364427979	13	0.00718520896400132	8.800641441424701e-7	-0.00005339972670134621	10
0.047863009232263824	5.2232403271351	0.3829040738581106	13	0.010283167046560642	9.097295264135229e-7	-0.00006316036598935296	10
0.057543993733715694	4.344502071873438	0.46035194986972555	13	0.014684018348582633	9.095140721071916e-7	-0.00007406773191966914	10
0.06918309709189366	3.6135994268648184	0.5534647767351493	13	0.020910300803953348	9.224405924732597e-7	-0.00008754660624689369	10
0.08317637711026708	3.0056610865435327	0.6654110168821367	13	0.029674641672964238	9.561019143377406e-7	-0.00010411363529976745	10
0.1	2.5	0.8	13	0.04193175213217974	9.961760592348161e-7	-0.00012424947152972986	10
0.12022644346174131	2.0794094277566773	0.9618115476939305	13	0.058944089559983155	1.0081344907986673e-6	-0.00014730434129171197	10
0.1445439770745928	1.7295774272973408	1.1563518165967424	13	0.08229162913817871	1.0619724880514391e-6	-0.00017645007810745822	10
0.17378008287493762	1.4385998433428917	1.390240662999501	13	0.11404098367554145	1.1002952900550706e-6	-0.0002099523919007275	10
0.20892961308540386	1.1965752308065964	1.671436904683231	13	0.15654881283948555	1.1556811412738177e-6	-0.0002508244193558573	10
0.25118864315095796	0.9952679263837433	2.0095091452076637	14	0.2125129607397986	4.5207600570829665e-7	-0.00018059296719676255	10
0.3019951720402016	0.8278278037064778	2.415961376321613	14	0.2845128587531676	4.88978440666569e-7	-0.0002154157388067061	10
0.3630780547701014	0.6885571758345415	2.9046244381608113	14	0.37589454912471526	5.394730250683118e-7	-0.0002573463088916161	10
0.4365158322401661	0.5727169131919431	3.492126657921329	14	0.48830096371892723	5.969568867281531e-7	-0.00030738682242443974	10
0.5248074602497729	0.47636517949081153	4.198459681998183	14	0.6235478950103222	6.784368388329455e-7	-0.00036833819157297716	10
0.6309573444801936	0.3962232981152782	5.047658755841549	14	0.7828839234522909	7.870870249503457e-7	-0.0004419539719323986	10
0.7585775750291835	0.32956418463910186	6.068620600233468	14	0.9665829230408213	8.83053180808516e-7	-0.0005228761576016693	10
0.9120108393559097	0.2741195490357963	7.296086714847277	14	1.174651793875948	1.0595083893728444e-6	-0.0006285244453947153	10
1.096478196143185	0.2280027098389774	8.77182556914548	14	1.40756026417317	1.282191016880998e-6	-0.0007552160682112889	10
1.3182567385564075	0.1896443937572959	10.54605390845126	15	1.6654878699493425	5.708022728061905e-7	-0.0005364663741547097	10
1.584893192461114	0.15773933612004826	12.679145539688912	15	1.9491380924292605	7.104743207008319e-7	-0.0006446897030106951	10
1.9054607179632483	0.13120186506244308	15.243685743705987	15	2.2594437088558426	8.91916067590871e-7	-0.0007748660077544367	10
2.2908676527677723	0.10912895806004153	18.326941222142178	15	2.597398409479686	1.127129020286124e-6	-0.0009310815046423681	10
2.7542287033381663	0.09076951369252534	22.03382962670533	16	2.9641332259555613	5.211322559507748e-7	-0.0006626317637046922	10
3.311311214825911	0.0754987930100504	26.49048971860729	16	3.3605264997963147	6.685215634261309e-7	-0.0007961008486990698	10
3.981071705534973	0.06279716078773949	31.848573644279785	16	3.7874407671600916	8.642847073390941e-7	-0.0009569998902844933	10
4.786300923226385	0.05223240327135097	38.29040738581108	16	4.245639491610474	1.116428942804168e-6	-0.0011499978918806646	10
5.754399373371572	0.043445020718734365	46.03519498697258	16	4.73579587815216	1.4522157349035596e-6	-0.0013822686428393673	10
6.918309709189363	0.0361359942686482	55.346477673514904	17	5.258526292428718	6.94934301071382e-7	-0.0009852422520492032	10
8.317637711026709	0.030056610865435325	66.54110168821367	17	5.814376475572558	9.104923221500471e-7	-0.00118386696822298	10
10.	0.025	80.	17	6.403850479573064	1.1989331966700797e-6	-0.0014230075075064757	10
12.02264434617413	0.02079409427756677	96.18115476939305	17	7.027411116065952	1.608661946592787e-6	-0.001710242943528957	10
14.45439770745928	0.017295774272973404	115.63518165967425	18	7.685488853578791	7.692874635382269e-7	-0.0012208762923135849	10
17.378008287493763	0.014385998433428917	139.0240662999501	18	8.378467305613986	1.0231344310053203e-6	-0.0014672250421397485	10
20.892961308540407	0.01196575230806595	167.14369046832326	18	9.106715455728098	1.3862928463994485e-6	-0.001763216699427509	10
25.11886431509582	0.009952679263837423	200.95091452076656	19	9.870576991869138	6.692130810090361e-7	-0.0012604770504546997	10
30.199517204020193	0.00827827803706477	241.59613763216154	19	10.670358761143275	8.980697113939577e-7	-0.0015148946014686801	10
36.30780547701018	0.006885571758345408	290.4624438160814	19	11.506359264669602	1.2060284076320522e-6	-0.001820434239132172	10
43.65158322401656	0.005727169131919437	349.2126657921325	19	12.378854512863173	1.6467799811583534e-6	-0.0021877669460019034	10
52.48074602497723	0.004763651794908121	419.84596819981783	20	13.288113814797402	8.071745462784049e-7	-0.0015661742327146776	10
63.0957344480193	0.003962232981152785	504.7658755841544	20	14.234362360220723	1.090488662015139e-6	-0.001881986104731653	10
75.85775750291836	0.0032956418463910187	606.8620600233469	20	15.217838059884839	1.4972351053562735e-6	-0.002261468084266064	10
91.20108393559097	0.0027411954903579627	729.6086714847278	20	16.23875454078523	2.0255688960676e-6	-0.0027173973034388932	10
109.64781961431851	0.002280027098389774	877.1825569145481	21	17.29733580613928	1.0038782999190312e-6	-0.0019475101803530755	10
131.82567385564073	0.0018964439375729592	1054.6053908451258	21	18.393744447209286	1.384992824795669e-6	-0.0023403277304357823	10
158.48931924611142	0.0015773933612004824	1267.9145539688914	21	19.5281781176789	1.8831970974231848e-6	-0.002811935137654415	10
190.54607179632484	0.0013120186506244307	1524.3685743705987	22	20.700827115076542	9.378626212784501e-7	-0.002017531243912212	10
229.08676527677747	0.0010912895806004142	1832.6941222142198	22	21.911825510055785	1.2821546684342506e-6	-0.0024244250734016337	10
275.4228703338169	0.0009076951369252525	2203.382962670535	22	23.161346620959858	1.7757346623352768e-6	-0.0029129020460157413	10
331.1311214825914	0.0007549879301005033	2649.0489718607314	23	24.4495596332813	8.881138012535657e-7	-0.0020921676459611867	10
398.1071705534977	0.0006279716078773943	3184.857364427982	23	25.776574106386555	1.236508533428226e-6	-0.0025135900133375078	10
478.630092322638	0.0005223240327135102	3829.040738581104	23	27.14253828368347	1.6949279542425524e-6	-0.00302017546254768	10
575.4399373371566	0.0004344502071873441	4603.519498697253	23	28.547587757247367	2.3252393768652983e-6	-0.0036282250272765917	10
691.8309709189363	0.000361359942686482	5534.64776735149	24	29.9918764796903	1.1894108925423646e-6	-0.002608781423016133	10
831.7637711026708	0.0003005661086543533	6654.110168821367	24	31.475472907050882	1.635674774230466e-6	-0.003134261146661412	10
1000.	0.00025	8000.	24	32.99851157159547	2.249602565170591e-6	-0.0037647249247942764	10
1202.2644346174131	0.00020794094277566772	9618.115476939305	25	34.56114548358012	1.155347793398251e-6	-0.002709634336904856	10
1445.439770745928	0.00017295774272973406	11563.518165967424	25	36.16341414975915	1.5927818592192354e-6	-0.0032551280224605056	10
1737.8008287493763	0.00014385998433428916	13902.40662999501	25	37.80544809030259	2.1972820801251753e-6	-0.003909855849150997	10
2089.2961308540407	0.00011965752308065951	16714.369046832326	26	39.4873863494035	1.1312824136797271e-6	-0.0028161071333863345	10
2511.886431509582	0.00009952679263837423	20095.091452076656	26	41.20925663790752	1.5638559715387134e-6	-0.003382898102606207	10
3019.951720402019	0.0000827827803706477	24159.61376321615	26	42.97117620983431	2.1632111275842475e-6	-0.004063452789670261	10
3630.7805477010174	0.00006885571758345409	29046.24438160814	26	44.77323316622726	2.9927230343618928e-6	-0.0048800195114900745	10
4365.158322401666	0.00005727169131919425	34921.26657921333	27	46.61558336377429	1.5473771038514818e-6	-0.00351811807526229	10
5248.074602497723	0.000047636517949081204	41984.59681998179	27	48.498189447094695	2.144932228856537e-6	-0.004225627523088557	10
6309.57344480193	0.00003962232981152785	50476.58755841544	27	50.42118192500857	2.972975855255143e-6	-0.005074470296690506	10
7585.775750291836	0.000032956418463910185	60686.206002334686	28	52.384716296986724	1.5410088210771872e-6	-0.003660932339012988	10
9120.108393559096	0.00002741195490357963	72960.86714847277	28	54.38873479429157	2.140030402492601e-6	-0.004397095304573243	10
10964.78196143185	0.000022800270983897744	87718.2556914548	28	56.43336461329563	2.9717361354700298e-6	-0.0052797451675582535	10
13182.567385564074	0.00001896443937572959	105460.5390845126	29	58.51875959828957	1.5438783837914292e-6	-0.0038119122351024165	10
15848.93192461114	0.000015773933612004827	126791.45539688913	29	60.644844197006236	2.14794494479038e-6	-0.0045782806525572544	10
19054.607179632483	0.000013120186506244306	152436.85743705987	29	62.81174743954208	2.986866408480929e-6	-0.005496627264977396	10
22908.676527677748	0.000010912895806004142	183269.41222142198	30	65.01962229918377	1.5558535106067995e-6	-0.0039716672640331295	10
27542.28703338169	9.076951369252525e-6	220338.29626705352	30	67.26837368925234	2.1668422427707672e-6	-0.0047688878432761645	10
33113.11214825915	7.549879301005032e-6	264904.8971860732	30	69.55812489835935	3.017819943603643e-6	-0.005725353010071426	10
39810.71705534977	6.279716078773943e-6	318485.73644279817	31	71.88904626598908	1.5752416525598901e-6	-0.004139581209276904	10
47863.0092322638	5.223240327135102e-6	382904.0738581104	31	74.26101145986887	2.19681394063503e-6	-0.004970236640404817	10
57543.993733715666	4.344502071873441e-6	460351.94986972533	31	76.67414962717154	3.063789512965549e-6	-0.005966543600915591	10
69183.09709189362	3.61359942686482e-6	553464.776735149	31	79.12850964556586	4.270775545759725e-6	-0.007160609432031036	10
83176.37711026709	3.005661086543533e-6	665411.0168821367	32	81.6243184715356	2.2371197822657546e-6	-0.005182547828472751	10
100000.	2.5e-6	800000.	32	84.16133364884065	3.1221363771227773e-6	-0.00622021009692919	10