beta	a	b	lmax	sigmav/((4 pi)/k^2)	Deltasigmav	delta_lmax	counter
0.001	5000.	0.000020000000000000005	50	8.771588740745499e-10	0.0006311843648138533	-0.00002566580390321468	10
0.001202264434617413	4158.818855513355	0.000024045288692348264	79	3.4702566883570964e-9	0.009726665425473242	-0.000038835463984045056	10
0.001445439770745928	3459.154854594681	0.000028908795414918564	61	1.327243114495917e-9	0.000253476158067144	-0.00003010405707293006	10
0.0017378008287493763	2877.199686685783	0.000034756016574987535	51	1.0597758554796178e-9	0.002546294113201555	-0.00002656129417450145	10
0.0020892961308540386	2393.1504616131924	0.00004178592261708078	60	1.3379443063003024e-9	0.002025335238849125	-0.000029761579516530262	10
0.0025118864315095794	1990.5358527674866	0.000050237728630191596	76	2.118934139862012e-9	0.005293243274666421	-0.00003818169194543541	10
0.003019951720402016	1655.6556074129553	0.000060399034408040337	56	1.2885993270043375e-9	0.0009513684064625742	-0.00002803583448701484	10
0.003630780547701014	1377.114351669083	0.0000726156109540203	48	9.791192166159541e-10	0.0024368979338306005	-0.000024281522336655767	10
0.004365158322401661	1145.433826383886	0.00008730316644803324	63	1.6942910106829432e-9	0.001872088618896953	-0.000031973348960320737	10
0.005248074602497723	952.7303589816241	0.00010496149204995448	54	1.277602333528908e-9	0.0006826546849933827	-0.000027004198375330266	10
0.00630957344480193	792.4465962305569	0.00012619146889603864	51	1.0580773098804742e-9	0.0002635071710994741	-0.000026166562569991537	10
0.007585775750291836	659.1283692782036	0.00015171551500583674	46	9.212875799705453e-10	0.0014738590210652191	-0.00002319747698562743	10
0.009120108393559097	548.2390980715925	0.00018240216787118198	46	8.266557669461046e-10	0.005585304300700514	-0.000023243731619011814	10
0.01096478196143185	456.0054196779548	0.00021929563922863706	29	5.508079712276974e-10	0.0005902836192904048	-0.00001547370360897966	10
0.013182567385564075	379.2887875145918	0.00026365134771128153	16	4.702082529380558e-10	0.009921502812059264	-8.254473781147773e-6	10
0.015848931924611134	315.4786722400966	0.00031697863849222273	13	6.662262064044322e-10	0.0020262823966285216	-7.167801344565371e-6	10
0.019054607179632473	262.4037301248863	0.0003810921435926495	12	9.115057380661237e-10	0.006531427700773933	-6.717297956203734e-6	10
0.022908676527677734	218.2579161200829	0.0004581735305535548	11	1.3078118032679695e-9	0.0003710772059961837	-6.409613385174184e-6	10
0.02754228703338166	181.53902738505067	0.0005508457406676333	10	1.8674372854080934e-9	0.0024349823332788572	-5.410825920663995e-6	10
0.03311311214825911	150.99758602010078	0.0006622622429651824	10	2.716580782353513e-9	0.0035801372885808625	-5.370007781296955e-6	10
0.039810717055349734	125.59432157547897	0.0007962143411069948	10	3.9570043661097106e-9	0.000838636924186482	-5.6864459543030785e-6	10
0.047863009232263824	104.464806542702	0.0009572601846452766	10	5.7048017637685505e-9	0.000690577335929622	-5.373454609687033e-6	10
0.057543993733715694	86.89004143746877	0.0011508798746743141	10	8.272317762375144e-9	0.0018109208989684003	-5.154279379159261e-6	10
0.06918309709189366	72.27198853729637	0.0013836619418378735	10	1.1964476526701051e-8	0.0002258479015958153	-5.443320156212376e-6	10
0.08317637711026708	60.113221730870656	0.001663527542205342	10	1.7381468217010757e-8	0.000030229191639516716	-5.377241894591097e-6	10
0.1	49.99999999999999	0.0020000000000000005	10	2.5192480356550402e-8	0.00041134436999410535	-5.079019809294915e-6	10
0.12022644346174131	41.58818855513354	0.002404528869234827	10	3.656128380604765e-8	0.0001084888890871056	-5.543281044573943e-6	10
0.1445439770745928	34.591548545946814	0.0028908795414918564	10	5.291402613583848e-8	0.00020350231479931337	-4.787210103318252e-6	10
0.17378008287493762	28.771996866857833	0.003475601657498753	10	7.66161425906224e-8	0.00009060232820825856	-5.676322661447767e-6	10
0.20892961308540386	23.931504616131924	0.004178592261708078	10	1.1067963185484542e-7	2.1367733918525211e-7	-5.5607596711931075e-6	10
0.25118864315095796	19.905358527674863	0.00502377286301916	10	1.5981651186602799e-7	0.000017851144520123257	-5.555629631364394e-6	10
0.3019951720402016	16.556556074129556	0.006039903440804033	10	2.3124130595160236e-7	0.000020938467077894074	-5.306346583234483e-6	10
0.3630780547701014	13.771143516690827	0.00726156109540203	10	3.3426149784701093e-7	0.00001704187282641866	-5.3911704639675855e-6	10
0.4365158322401661	11.454338263838862	0.008730316644803324	10	4.823434710019142e-7	0.000023269944428459852	-5.291552296585998e-6	10
0.5248074602497729	9.52730358981623	0.01049614920499546	10	6.965103324402634e-7	0.000026049775665053676	-5.099627352426933e-6	10
0.6309573444801936	7.924465962305563	0.012619146889603874	10	1.005466380623915e-6	8.948534598495554e-7	-5.525668726641493e-6	10
0.7585775750291835	6.591283692782037	0.015171551500583674	10	1.4502027734037367e-6	2.7414519521655425e-6	-5.527731596189423e-6	10
0.9120108393559097	5.482390980715925	0.018240216787118197	10	2.0905669589886507e-6	5.160182752482464e-6	-5.078185507246835e-6	10
1.096478196143185	4.560054196779548	0.021929563922863705	10	3.0117809744248145e-6	1.5507890868110534e-6	-5.457000387875372e-6	10
1.3182567385564075	3.7928878751459174	0.026365134771128153	10	4.335510757251756e-6	1.0060850509178375e-6	-5.09461005918354e-6	10
1.584893192461114	3.154786722400965	0.03169786384922229	10	6.236922361855232e-6	8.354487764627292e-7	-5.5339361783050846e-6	10
1.9054607179632483	2.6240373012488614	0.038109214359264974	10	8.959691800645866e-6	8.611957580242161e-7	-5.286076973996937e-6	10
2.2908676527677723	2.1825791612008305	0.045817353055355454	10	0.000012859251102979836	2.414201859102564e-7	-5.2833575990462735e-6	10
2.7542287033381663	1.8153902738505068	0.055084574066763335	10	0.0000184277084135981	1.6460484874142627e-7	-5.3182521130127265e-6	10
3.311311214825911	1.5099758602010078	0.06622622429651824	10	0.000026359115091983605	2.4220555490276604e-7	-5.495238357657751e-6	10
3.981071705534973	1.2559432157547898	0.07962143411069948	10	0.00003762950493710742	2.7468599180424894e-7	-5.223030449711256e-6	10
4.786300923226385	1.0446480654270194	0.09572601846452772	10	0.00005358672408914607	1.3640241423205918e-7	-5.509279282166765e-6	10
5.754399373371572	0.8689004143746872	0.11508798746743147	10	0.00007609656721705883	2.67560550441878e-8	-5.70818669284877e-6	10
6.918309709189363	0.7227198853729639	0.1383661941837873	10	0.00010770080026592261	5.6638172223687726e-8	-5.35315962672907e-6	10
8.317637711026709	0.6011322173087065	0.16635275422053422	10	0.0001518400739882968	5.459464063293605e-9	-5.675223436448894e-6	10
10.	0.5	0.20000000000000004	10	0.00021309409275672558	6.147951063281491e-8	-5.193456412135261e-6	10
12.02264434617413	0.41588188555133543	0.24045288692348266	10	0.00029749979792505655	2.637110412853363e-8	-5.1395159729746076e-6	10
14.45439770745928	0.3459154854594681	0.28908795414918564	10	0.0004128544894493053	4.905015974060383e-9	-5.196950347746754e-6	10
17.378008287493763	0.2877199686685783	0.34756016574987536	10	0.0005689830129655032	1.0478549392987807e-8	-5.511728493500566e-6	10
20.892961308540407	0.239315046161319	0.41785922617080823	10	0.0007781300277698643	1.1558555450621663e-8	-5.572143710884551e-6	10
25.11886431509582	0.19905358527674843	0.5023772863019165	10	0.001054957168351071	9.043786903187978e-10	-5.7822691315312155e-6	10
30.199517204020193	0.16556556074129536	0.603990344080404	10	0.001416683446488642	3.2739045427769508e-9	-5.615314325373345e-6	10
36.30780547701018	0.13771143516690815	0.7261561095402037	10	0.0018818729487664627	4.333741497416804e-10	-5.602107070324797e-6	10
43.65158322401656	0.11454338263838873	0.8730316644803314	10	0.00247326401118645	1.5990049667022569e-9	-5.118773531869687e-6	10
52.48074602497723	0.0952730358981624	1.0496149204995449	10	0.003212208037013352	8.662071214621075e-10	-5.548358069277778e-6	10
63.0957344480193	0.0792446596230557	1.2619146889603863	10	0.004120846603525269	1.5755590518096927e-9	-5.407464419950434e-6	10
75.85775750291836	0.06591283692782036	1.5171551500583675	10	0.005220295445195917	1.3346462921871025e-10	-5.402802238252968e-6	10
91.20108393559097	0.054823909807159246	1.8240216787118197	10	0.006529756833424986	1.0023657321545399e-9	-5.465734269926046e-6	10
109.64781961431851	0.04560054196779548	2.1929563922863706	10	0.008062794133508099	1.2766326639894764e-9	-5.217653291399407e-6	10
131.82567385564073	0.03792887875145918	2.636513477112815	10	0.009840420479051846	6.13106701424827e-10	-5.696027381194813e-6	10
158.48931924611142	0.031547867224009644	3.169786384922229	10	0.011870284762098029	6.267424565352107e-10	-5.364479437376502e-6	10
190.54607179632484	0.02624037301248861	3.8109214359264976	10	0.014161294117791396	2.9952947751563547e-10	-5.097463245257375e-6	10
229.08676527677747	0.02182579161200828	4.58173530553555	10	0.016715672763960278	4.238028192153108e-10	-5.331065435988375e-6	10
275.4228703338169	0.018153902738505052	5.508457406676339	10	0.019551205475442195	4.0679747458874824e-10	-5.562320075037317e-6	10
331.1311214825914	0.015099758602010066	6.6226224296518295	10	0.022665220121369685	3.0087458975390104e-10	-5.3406172034603344e-6	10
398.1071705534977	0.012559432157547885	7.962143411069956	10	0.02606187493002703	3.708153964612939e-12	-5.387001521051432e-6	10
478.630092322638	0.010446480654270203	9.572601846452763	10	0.029744373547090485	2.5009553066682585e-10	-5.020577081994463e-6	10
575.4399373371566	0.008689004143746881	11.508798746743134	10	0.03371298551895387	5.1428889879937795e-12	-6.023410729347664e-6	10
691.8309709189363	0.00722719885372964	13.836619418378728	10	0.037976236266973565	1.8651030003784145e-10	-5.300168158249578e-6	10
831.7637711026708	0.006011322173087066	16.63527542205342	10	0.04253142335533968	2.568694841285693e-10	-5.260847983092776e-6	10
1000.	0.005	20.000000000000004	10	0.04737871275945976	2.0361007744258091e-10	-5.104465048706898e-6	10
1202.2644346174131	0.004158818855513354	24.04528869234827	10	0.05251892652132306	2.5901153185317194e-11	-5.7010761611489395e-6	10
1445.439770745928	0.0034591548545946814	28.908795414918565	10	0.05795076640117535	2.2025997078336634e-11	-5.459534797866519e-6	10
1737.8008287493763	0.002877199686685783	34.756016574987534	10	0.06367627551795324	1.6602318281452485e-10	-5.078659192253237e-6	10
2089.2961308540407	0.0023931504616131905	41.78592261708082	10	0.06969190142627736	3.396809028689274e-11	-5.7652348295029516e-6	10
2511.886431509582	0.0019905358527674845	50.237728630191654	10	0.07599599610336821	1.4593189651885495e-10	-5.195441802929642e-6	10
3019.951720402019	0.001655655607412954	60.39903440804039	10	0.0825865408067831	5.662522462990479e-11	-5.320760281970224e-6	10
3630.7805477010174	0.0013771143516690817	72.61561095402037	10	0.08946094294167031	1.753906784389263e-10	-4.909534891694365e-6	10
4365.158322401666	0.0011454338263838849	87.30316644803334	10	0.09661608812310721	1.0106130370498242e-10	-5.400684182089628e-6	10
5248.074602497723	0.000952730358981624	104.96149204995449	10	0.10404869054688587	2.38604922282196e-11	-5.515308104796012e-6	10
6309.57344480193	0.0007924465962305569	126.19146889603863	10	0.11175501646320951	1.5120099367371382e-10	-4.991530619477993e-6	10
7585.775750291836	0.0006591283692782036	151.71551500583675	10	0.1197310850999613	3.163059136216525e-11	-5.6487314141575935e-6	10
9120.108393559096	0.0005482390980715926	182.40216787118194	10	0.12797267896878753	8.042723780580804e-11	-5.491616161710762e-6	10
10964.78196143185	0.0004560054196779548	219.29563922863704	10	0.13647520115643275	8.9133551662103e-11	-5.184028340750601e-6	10
13182.567385564074	0.00037928878751459176	263.6513477112815	11	0.14523387536595625	3.8294142581456884e-11	-6.182759397019386e-6	10
15848.93192461114	0.0003154786722400965	316.9786384922229	11	0.1542436338729271	2.4891255841820056e-11	-5.92894308252113e-6	10
19054.607179632483	0.00026240373012488614	381.09214359264973	11	0.16349947173098844	2.458829402233365e-11	-5.8380514153740105e-6	10
22908.676527677748	0.0002182579161200828	458.17353055355505	11	0.17299579327037423	5.86006647410622e-11	-5.598366839673354e-6	10
27542.28703338169	0.0001815390273850505	550.8457406676339	11	0.18272714086819963	6.714408616085335e-11	-5.896847857082832e-6	10
33113.11214825915	0.00015099758602010063	662.2622429651831	11	0.1926878830294708	3.717781291572354e-13	-6.122271439278112e-6	10
39810.71705534977	0.00012559432157547884	796.2143411069956	11	0.2028721721796669	1.4909210170429705e-11	-6.09459941655671e-6	10
47863.0092322638	0.00010446480654270205	957.2601846452762	11	0.2132740322953468	4.680162426825305e-11	-5.555897014060635e-6	10
57543.993733715666	0.0000868900414374688	1150.8798746743134	11	0.22388740003865823	8.576025750180055e-11	-5.7791898760900995e-6	10
69183.09709189362	0.0000722719885372964	1383.6619418378727	11	0.23470625458858232	7.46530585879725e-12	-6.090785819127354e-6	10
83176.37711026709	0.00006011322173087065	1663.5275422053421	11	0.24572450340768984	9.457190031067122e-12	-5.834269452213777e-6	10
100000.	0.00005	2000.0000000000005	11	0.2569358356452262	2.0037616427141715e-11	-5.873531058458226e-6	10