beta	a	b	lmax	sigmaT/((4 pi)/k^2)	DeltasigmaT	delta_lmax	counter
0.001	49999.99999999999	2.0000000000000002e-7	53	1.0715902804354238e-9	0.003631191447534967	-0.000026925084727926447	10
0.001202264434617413	41588.18855513354	2.404528869234826e-7	42	3.544216405018307e-10	0.0054824264667008875	-0.00002078887886152534	10
0.001445439770745928	34591.54854594681	2.8908795414918563e-7	48	7.306067012523539e-10	0.00008412139773534172	-0.000023730653492941623	10
0.0017378008287493763	28771.996866857833	3.475601657498753e-7	53	1.1105582826704706e-9	0.000030401247750391077	-0.000027027913456978176	10
0.0020892961308540386	23931.50461613193	4.1785922617080775e-7	32	2.4624217992887184e-10	0.00001882208105445269	-0.000015990147673254627	10
0.0025118864315095794	19905.358527674867	5.023772863019159e-7	55	9.103262861865402e-10	0.0023654954031238715	-0.00002682941207673773	10
0.003019951720402016	16556.556074129556	6.039903440804033e-7	54	9.598609104155147e-10	0.000029441406202233872	-0.000027251357419478282	10
0.003630780547701014	13771.14351669083	7.261561095402028e-7	44	6.096824826523283e-10	0.001518338168803429	-0.000022020111451828485	10
0.004365158322401661	11454.338263838861	8.730316644803322e-7	66	2.320254687147244e-9	0.0028413789797700232	-0.000032446354622473694	10
0.005248074602497723	9527.303589816242	1.0496149204995447e-6	53	1.0095401962162987e-9	0.00015393316853884708	-0.000026368575064267234	10
0.00630957344480193	7924.4659623055695	1.2619146889603861e-6	39	5.53296343857868e-10	0.00275215835714395	-0.000019661335697424662	10
0.007585775750291836	6591.283692782037	1.5171551500583673e-6	45	6.933946482360014e-10	0.008968742604047649	-0.000022762966476980793	10
0.009120108393559097	5482.390980715925	1.8240216787118195e-6	46	6.130888984504335e-10	0.00969539688539483	-0.000023278252805786907	10
0.01096478196143185	4560.054196779548	2.19295639228637e-6	47	7.345129596939709e-10	0.005163586078554017	-0.000023572127374795672	10
0.013182567385564075	3792.887875145918	2.636513477112815e-6	56	9.90105682706782e-10	0.006734418356214401	-0.00002821435871628614	10
0.015848931924611134	3154.7867224009665	3.169786384922227e-6	34	3.80824578732957e-10	0.0023218386967610123	-0.00001797937142271488	10
0.019054607179632473	2624.0373012488626	3.810921435926495e-6	50	8.725855269030915e-10	0.008630872990469716	-0.000024988016474685225	10
0.022908676527677734	2182.5791612008293	4.581735305535547e-6	42	5.947700350900041e-10	0.0030197715393846165	-0.000021887279833357643	10
0.02754228703338166	1815.390273850507	5.508457406676333e-6	43	4.121784415479095e-10	0.00751079251750198	-0.000021382953357714736	10
0.03311311214825911	1509.975860201008	6.622622429651823e-6	37	4.4256898889227147e-10	0.005462042700846478	-0.00001845798992509848	10
0.039810717055349734	1255.9432157547897	7.962143411069947e-6	47	1.1703241146656536e-9	0.003050745038240523	-0.000023357930450686472	10
0.047863009232263824	1044.64806542702	9.572601846452765e-6	58	1.364511295566656e-9	0.0036446014005548193	-0.000028699773797951374	10
0.057543993733715694	868.9004143746877	0.000011508798746743139	45	5.398704084056084e-10	0.000033337060402492296	-0.00002187955927498362	10
0.06918309709189366	722.7198853729636	0.000013836619418378732	52	8.084889082229911e-10	0.003907832464759939	-0.00002575899208690414	10
0.08317637711026708	601.1322173087066	0.00001663527542205342	40	4.5660386251335214e-10	0.003861711655659258	-0.000020608187101592215	10
0.1	500.	0.00002	45	8.238728863063475e-10	0.003871689349857471	-0.000022779525018976922	10
0.12022644346174131	415.8818855513354	0.000024045288692348264	62	1.5645695418629383e-9	0.0040397672477040835	-0.000031660689996329975	10
0.1445439770745928	345.91548545946813	0.00002890879541491856	57	1.111855637670837e-9	0.009908837814079774	-0.00002912509113386186	10
0.17378008287493762	287.71996866857836	0.00003475601657498753	48	7.471054015211408e-10	0.0067266934616790055	-0.00002440389492990902	10
0.20892961308540386	239.3150461613193	0.00004178592261708078	52	9.858864599930975e-10	0.00014986528907000285	-0.000026101977704019805	10
0.25118864315095796	199.0535852767487	0.000050237728630191596	62	2.0270229392047963e-9	0.009002558506808034	-0.000030815852316201797	10
0.3019951720402016	165.56556074129554	0.00006039903440804032	43	6.083500022162635e-10	0.0011632775195230553	-0.000021772896518014747	10
0.3630780547701014	137.7114351669083	0.00007261561095402028	61	1.21367368340631e-9	0.005874188532181503	-0.0000303367538791911	10
0.4365158322401661	114.54338263838862	0.00008730316644803323	54	8.674935597130745e-10	0.0005427955826332245	-0.00002721225138101676	10
0.5248074602497729	95.2730358981623	0.00010496149204995457	50	8.057649846240555e-10	0.00365409966867681	-0.000025380394704611942	10
0.6309573444801936	79.24465962305563	0.00012619146889603872	55	1.2600041602753506e-9	0.0002009293542773683	-0.00002713226001539936	10
0.7585775750291835	65.91283692782036	0.00015171551500583672	50	7.07498761904994e-10	0.00626523885764645	-0.00002615613272652963	10
0.9120108393559097	54.823909807159254	0.00018240216787118193	37	3.3889115145463796e-10	0.0044888778200645975	-0.000018941084356550293	10
1.096478196143185	45.600541967795486	0.00021929563922863703	51	9.603218436575112e-10	0.001118741835971007	-0.000025503410557532767	10
1.3182567385564075	37.92887875145918	0.0002636513477112815	43	5.490906703189968e-10	0.0071707176211150405	-0.000021798224609738178	10
1.584893192461114	31.54786722400965	0.00031697863849222284	41	4.119596204273177e-10	0.004715522386378829	-0.000020458540956432098	10
1.9054607179632483	26.240373012488615	0.0003810921435926497	36	4.2456206912824893e-10	0.0005665321994155749	-0.000018851617354159926	10
2.2908676527677723	21.825791612008306	0.00045817353055355446	46	5.533939184969931e-10	0.0002580398495543661	-0.000022615682411745438	10
2.7542287033381663	18.153902738505067	0.0005508457406676332	38	4.2602510619512723e-10	0.009830839773754452	-0.000018845728156591633	10
3.311311214825911	15.099758602010079	0.0006622622429651823	34	3.722188134282403e-10	0.0001881601118996583	-0.000017071499131029364	10
3.981071705534973	12.559432157547898	0.0007962143411069947	32	3.3113026907018327e-10	0.003952401129896001	-0.00001621439993670011	10
4.786300923226385	10.446480654270193	0.0009572601846452771	44	6.452148401654946e-10	0.0015248851675687988	-0.000022322962924030318	10
5.754399373371572	8.689004143746873	0.0011508798746743146	23	2.2649794938886168e-10	0.00139255754071744	-0.000012076330739486557	10
6.918309709189363	7.227198853729639	0.0013836619418378727	24	3.000728851017729e-10	0.0018031117009995536	-0.000012124318837214175	10
8.317637711026709	6.0113221730870645	0.001663527542205342	16	3.1264457561918944e-10	0.001354222158771496	-8.945970528887972e-6	10
10.	5.	0.002	16	4.4315733116674233e-10	0.0019633757775853445	-8.91385340547899e-6	10
12.02264434617413	4.1588188555133545	0.0024045288692348264	11	5.547542622471731e-10	0.0008021645569032324	-5.876551001074072e-6	10
14.45439770745928	3.4591548545946806	0.0028908795414918564	10	8.021672378518228e-10	0.006368326882991061	-5.447498311160195e-6	10
17.378008287493763	2.8771996866857834	0.003475601657498753	10	1.137733322685125e-9	0.00009882337187291999	-5.470191122890641e-6	10
20.892961308540407	2.3931504616131902	0.0041785922617080815	10	1.6612954787577354e-9	0.00020450008854188534	-5.509114025584168e-6	10
25.11886431509582	1.990535852767485	0.005023772863019164	10	2.409183141633915e-9	0.0010810032227375973	-5.154256470288443e-6	10
30.199517204020193	1.6556556074129538	0.006039903440804039	10	3.484464591658769e-9	0.0004041126884121109	-5.559664944081897e-6	10
36.30780547701018	1.3771143516690816	0.007261561095402036	10	5.061460238470903e-9	1.3748978396399896e-6	-5.846311317609755e-6	10
43.65158322401656	1.1454338263838872	0.008730316644803313	10	7.321153441209122e-9	0.000885155001665918	-5.104942444174704e-6	10
52.48074602497723	0.9527303589816241	0.010496149204995446	10	1.0632714803757943e-8	0.0007105584233444221	-5.280834416480735e-6	10
63.0957344480193	0.792446596230557	0.01261914688960386	10	1.539500908309955e-8	0.0002742420272961832	-5.4690108315704094e-6	10
75.85775750291836	0.6591283692782036	0.015171551500583674	10	2.216971661669175e-8	0.0000383075841848679	-5.393243799762699e-6	10
91.20108393559097	0.5482390980715925	0.018240216787118197	10	3.2043478948776134e-8	0.00020688342979507992	-5.494603951632315e-6	10
109.64781961431851	0.4560054196779548	0.0219295639228637	10	4.614659446029433e-8	0.00019371459666037212	-5.170254632534222e-6	10
131.82567385564073	0.37928878751459183	0.026365134771128146	10	6.656674612441094e-8	0.00002143638462546776	-5.420755792916006e-6	10
158.48931924611142	0.31547867224009646	0.03169786384922228	10	9.592061017652456e-8	3.6391265115354817e-6	-5.630258462852331e-6	10
190.54607179632484	0.26240373012488616	0.03810921435926497	10	1.3801581362722982e-7	0.000019663442491222254	-5.729072491102321e-6	10
229.08676527677747	0.2182579161200828	0.045817353055355496	10	1.9800098677019465e-7	3.49214179049146e-7	-5.332551037390236e-6	10
275.4228703338169	0.1815390273850505	0.055084574066763384	10	2.839520561411308e-7	2.0310362745865083e-6	-5.256977348903117e-6	10
331.1311214825914	0.15099758602010066	0.06622622429651828	10	4.062141693621651e-7	8.47086359043229e-6	-5.584629169001308e-6	10
398.1071705534977	0.12559432157547887	0.07962143411069955	10	5.80120867588478e-7	0.00001608560929769366	-5.294081943672771e-6	10
478.630092322638	0.10446480654270204	0.0957260184645276	10	8.26092346170565e-7	4.799248506459396e-6	-4.984528508542092e-6	10
575.4399373371566	0.08689004143746883	0.11508798746743133	10	1.1733448027621121e-6	3.850501067445922e-6	-5.369199845142017e-6	10
691.8309709189363	0.0722719885372964	0.13836619418378726	10	1.661698696097886e-6	9.330586168030132e-6	-4.828688360348623e-6	10
831.7637711026708	0.06011322173087065	0.16635275422053417	10	2.3418381046329178e-6	3.953574565215284e-7	-5.3943022141002175e-6	10
1000.	0.05	0.2	10	3.2866405971626606e-6	1.335172405334066e-6	-5.612342686221418e-6	10
1202.2644346174131	0.04158818855513354	0.24045288692348263	10	4.586936770676201e-6	5.809174451786552e-7	-4.821171741139764e-6	10
1445.439770745928	0.034591548545946815	0.2890879541491856	10	6.366565820185975e-6	1.5307890121695103e-7	-5.484089658831932e-6	10
1737.8008287493763	0.028771996866857833	0.34756016574987525	10	8.7723953612098e-6	4.0186328090703323e-7	-5.419583620307511e-6	10
2089.2961308540407	0.0239315046161319	0.4178592261708082	10	0.00001199269467654198	3.995088897455789e-7	-5.4417247269116065e-6	10
2511.886431509582	0.019905358527674846	0.5023772863019165	10	0.00001625315055986696	5.263136901552831e-7	-5.233604154861058e-6	10
3019.951720402019	0.01655655607412954	0.6039903440804039	10	0.00002182264988556244	1.3205332098360848e-7	-5.134259945730875e-6	10
3630.7805477010174	0.013771143516690816	0.7261561095402035	10	0.000028993390379214708	7.042331035976492e-10	-5.697749323551261e-6	10
4365.158322401666	0.011454338263838848	0.8730316644803332	10	0.00003809236321735671	3.0773057519681667e-7	-5.059979586793212e-6	10
5248.074602497723	0.00952730358981624	1.0496149204995446	10	0.000049453653740936455	6.398375176494888e-9	-6.029319358956674e-6	10
6309.57344480193	0.007924465962305569	1.261914688960386	10	0.00006342444947450275	8.011256975539193e-9	-5.345585781235076e-6	10
7585.775750291836	0.006591283692782037	1.5171551500583673	10	0.00008032427236839669	2.9260652564379917e-8	-5.470567086789661e-6	10
9120.108393559096	0.005482390980715926	1.8240216787118193	10	0.00010045702267950112	1.1721903857534008e-8	-5.46467661651435e-6	10
10964.78196143185	0.004560054196779548	2.19295639228637	10	0.00012407605270661296	1.8809119209180082e-8	-5.553056614729155e-6	10
13182.567385564074	0.0037928878751459175	2.636513477112815	10	0.00015141053729082976	1.1319725817398047e-10	-5.7253958312508015e-6	10
15848.93192461114	0.0031547867224009647	3.1697863849222285	10	0.0001826472410118351	3.085167489213518e-9	-5.812516509512013e-6	10
19054.607179632483	0.0026240373012488614	3.8109214359264967	10	0.00021794138475036222	4.20624143360755e-9	-5.617727715764282e-6	10
22908.676527677748	0.0021825791612008283	4.58173530553555	10	0.00025742845804294486	4.880640476816757e-8	-5.378096624531003e-6	10
27542.28703338169	0.001815390273850505	5.508457406676338	10	0.0003012171672917116	3.153319795902827e-8	-4.925925691925371e-6	10
33113.11214825915	0.0015099758602010063	6.62262242965183	10	0.00034936988245720397	1.7491632869185452e-9	-5.502709496179366e-6	10
39810.71705534977	0.0012559432157547886	7.962143411069954	10	0.00040211998548959107	1.836857984748946e-8	-5.093844172662734e-6	10
47863.0092322638	0.0010446480654270204	9.572601846452761	10	0.00045944560654942907	2.668415563673676e-8	-5.263045640972458e-6	10
57543.993733715666	0.000868900414374688	11.508798746743134	10	0.0005214792898372479	9.077932366017639e-9	-5.25510809873842e-6	10
69183.09709189362	0.000722719885372964	13.836619418378724	10	0.000588220805216038	1.0434627734879886e-8	-5.117170869222901e-6	10
83176.37711026709	0.0006011322173087065	16.635275422053418	10	0.0006598839881732479	1.061671133575976e-8	-5.394656353299031e-6	10
100000.	0.0005	20.	10	0.0007364409222200309	9.172659248656325e-11	-5.7353864769302216e-6	10