beta	a	b	lmax	sigmav/((4 pi)/k^2)	Deltasigmav	delta_lmax	counter
0.001	100.	0.05	17	0.00006778623085181572	0.00017533899180333567	0.00008916389387360351	10
0.001202264434617413	83.1763771102671	0.06011322173087065	17	0.0000979733539691079	0.0001866237956745599	0.0001097172232027302	10
0.001445439770745928	69.18309709189363	0.0722719885372964	17	0.00014165805981880474	0.00017771860349354563	0.00013308326810839425	10
0.0017378008287493763	57.543993733715666	0.08689004143746881	17	0.00020482735244946838	0.0001790139785002997	0.00016241152986568478	10
0.0020892961308540386	47.863009232263856	0.10446480654270193	17	0.00029620677565743604	0.00017633773120289775	0.00019632779583233422	10
0.0025118864315095794	39.810717055349734	0.12559432157547898	17	0.0004283870936626024	0.00017722313707744505	0.0002380100271491049	10
0.003019951720402016	33.11311214825911	0.1509975860201008	17	0.0006196269360554122	0.00017579168134573147	0.0002881194509867579	10
0.003630780547701014	27.542287033381662	0.1815390273850507	17	0.0008963624176367493	0.00017418522097045806	0.00034794355074200487	10
0.004365158322401661	22.908676527677724	0.21825791612008305	17	0.0012968350579023102	0.00017488524043633515	0.00042045915781272283	10
0.005248074602497723	19.054607179632484	0.26240373012488616	17	0.0018766377065487852	0.0001889067160225954	0.0005147728915600367	10
0.00630957344480193	15.84893192461114	0.3154786722400965	17	0.0027162469325454613	0.00018570219879453242	0.0006190444602180884	10
0.007585775750291836	13.182567385564074	0.3792887875145918	17	0.003932388885209523	0.00018383456716003786	0.0007445681829737276	10
0.009120108393559097	10.96478196143185	0.4560054196779548	17	0.0056943832598938685	0.00017170055967766527	0.000895304976621046	10
0.01096478196143185	9.120108393559097	0.5482390980715925	17	0.008248457246116662	0.0001793735828535556	0.0010767088260573415	10
0.013182567385564075	7.585775750291835	0.6591283692782037	18	0.011952690687478775	0.00011364619560521012	0.0010325864776075538	10
0.015848931924611134	6.3095734448019325	0.7924465962305567	19	0.017325077152927894	0.00007962420388525543	0.0009915088396050542	10
0.019054607179632473	5.248074602497725	0.9527303589816236	19	0.025116525690791883	0.00007523237252528292	0.0011925423875050046	10
0.022908676527677734	4.365158322401659	1.1454338263838868	20	0.03642041873226656	0.000049921526072657955	0.0011465267528181682	10
0.02754228703338166	3.6307805477010135	1.3771143516690831	21	0.05281185404671849	0.0000331544349079506	0.0011036178040089082	10
0.03311311214825911	3.0199517204020156	1.6556556074129556	22	0.07656023641920771	0.000023338910192404664	0.0010634707908148526	10
0.039810717055349734	2.5118864315095797	1.9905358527674868	22	0.11090628362618458	0.000023028312953226654	0.0012785853709865985	10
0.047863009232263824	2.0892961308540396	2.393150461613191	23	0.1604335886322213	0.000015396530677317583	0.0012332498075317518	10
0.057543993733715694	1.7378008287493756	2.8771996866857847	24	0.23149554713564285	0.000010347751557485672	0.001190351119941694	10
0.06918309709189366	1.4454397707459274	3.459154854594683	25	0.33267300452085286	6.966708882175907e-6	0.0011495191965388604	10
0.08317637711026708	1.2022644346174132	4.1588188555133545	26	0.47510051169121537	4.738687029429096e-6	0.0011113649461814675	10
0.1	1.	5.	26	0.6724345152063782	4.7847165248344015e-6	0.0013364814887101494	10
0.12022644346174131	0.8317637711026709	6.011322173087065	27	0.9405147545353619	3.3210116903741657e-6	0.0012926663753794665	10
0.1445439770745928	0.6918309709189363	7.227198853729639	28	1.2951613537043356	2.3363206472328833e-6	0.0012509071514413797	10
0.17378008287493762	0.5754399373371567	8.689004143746882	29	1.752466038861988	1.6738943594486786e-6	0.0012114409123212676	10
0.20892961308540386	0.47863009232263853	10.446480654270193	30	2.3282343020828242	1.2188893940209515e-6	0.001173634253778385	10
0.25118864315095796	0.3981071705534973	12.559432157547898	31	3.038444627235418	9.074286958281038e-7	0.0011375772657522586	10
0.3019951720402016	0.3311311214825911	15.09975860201008	31	3.9005547603631316	1.0103590088016473e-6	0.00136829676211624	10
0.3630780547701014	0.2754228703338166	18.15390273850507	32	4.929350870988135	7.757814394238664e-7	0.0013269786960972176	10
0.4365158322401661	0.22908676527677724	21.825791612008306	33	6.130793345026908	6.06226079991563e-7	0.0012872999428277965	10
0.5248074602497729	0.1905460717963246	26.240373012488643	34	7.495139504502249	4.825942332823929e-7	0.0012497403655673794	10
0.6309573444801936	0.15848931924611126	31.54786722400968	35	8.992726501166596	3.887871897803938e-7	0.0012136663461862118	10
0.7585775750291835	0.13182567385564076	37.92887875145918	36	10.567691251561229	3.220556484467791e-7	0.0011789773242029834	10
0.9120108393559097	0.1096478196143185	45.60054196779548	36	12.138251565715676	3.981024661908938e-7	0.001417660509964173	10
1.096478196143185	0.09120108393559098	54.823909807159254	37	13.606010327056254	3.4785768732345453e-7	0.0013777024467332367	10
1.3182567385564075	0.07585775750291836	65.91283692782038	38	14.885711666153007	3.0790117271732416e-7	0.0013394357553472098	10
1.584893192461114	0.0630957344480193	79.2446596230557	39	15.961121136091053	2.78397160834877e-7	0.0013024980116999076	10
1.9054607179632483	0.05248074602497722	95.27303589816242	40	16.97639372085985	2.345566130531609e-7	0.0012486310584921183	10
2.2908676527677723	0.04365158322401661	114.54338263838861	41	18.346971111486877	2.1104636288467148e-7	0.001214551354089619	10
2.7542287033381663	0.03630780547701014	137.7114351669083	42	20.82937189524101	1.7966113369172905e-7	0.0011808273154560332	10
3.311311214825911	0.03019951720402016	165.56556074129557	42	25.396713958153896	2.1336700396819012e-7	0.0014240592636446056	10
3.981071705534973	0.025118864315095794	199.05358527674866	43	32.65617566719396	1.7301075248938537e-7	0.0014046943228600928	10
4.786300923226385	0.02089296130854039	239.31504616131923	44	41.601349662542	1.2139705158101202e-7	0.0013474708194338978	10
5.754399373371572	0.017378008287493744	287.7199686685786	44	48.3287062084764	1.6204576438059103e-7	0.0016447983081090095	10
6.918309709189363	0.01445439770745928	345.91548545946813	45	47.80642856701486	1.5843415663296952e-7	0.001601984018611287	10
8.317637711026709	0.012022644346174132	415.8818855513355	47	43.36912420819986	1.056586067519839e-7	0.0012437681310527929	10
10.	0.01	500.	48	54.44199681901004	8.226716335344841e-8	0.0012122392002618487	10
12.02264434617413	0.008317637711026709	601.1322173087066	47	63.812717809464274	1.6054944246360554e-7	0.0018288614571018785	10
14.45439770745928	0.006918309709189362	722.7198853729641	49	63.51873374758417	9.823011777259711e-8	0.0014233513989244365	10
17.378008287493763	0.005754399373371566	868.9004143746881	50	59.61253194893299	1.104023014768349e-7	0.0014090128936976253	10
20.892961308540407	0.004786300923226381	1044.6480654270204	50	59.00935626827061	1.587891589816556e-7	0.0016941890531863104	10
25.11886431509582	0.00398107170553497	1255.943215754791	49	76.92401123576659	2.5643946487607125e-7	0.0025136670802305204	10
30.199517204020193	0.003311311214825908	1509.9758602010097	51	78.44675699912882	1.6572766764452372e-7	0.0019873743950841777	10
36.30780547701018	0.0027542287033381634	1815.390273850509	52	86.85540035769688	1.4556694373746262e-7	0.0019382784788436356	10
43.65158322401656	0.0022908676527677745	2182.579161200828	52	90.73198669647375	1.8733161695473553e-7	0.0023311193860091526	10
52.48074602497723	0.0019054607179632484	2624.0373012488612	55	94.549644079767	7.859627471238798e-8	0.0014724908151283534	10
63.0957344480193	0.001584893192461114	3154.786722400965	56	105.46862810877278	6.83354850606156e-8	0.0014368700866407775	10
75.85775750291836	0.0013182567385564073	3792.887875145918	57	109.85416768969435	6.3409232669429e-8	0.0014011302240461566	10
91.20108393559097	0.001096478196143185	4560.054196779549	57	114.51291346603095	8.749099695806427e-8	0.0016904960982787084	10
109.64781961431851	0.0009120108393559097	5482.390980715925	58	124.14882789046091	8.551600570587947e-8	0.001675098667174296	10
131.82567385564073	0.0007585775750291836	6591.283692782036	57	127.45517560035684	1.7485777638153262e-7	0.002481700592968212	10
158.48931924611142	0.000630957344480193	7924.465962305571	58	134.0620071744477	1.6089469552188259e-7	0.0024224366690898166	10
190.54607179632484	0.0005248074602497723	9527.303589816242	59	138.79281229663144	1.5116132939698143e-7	0.0023652244337273136	10
229.08676527677747	0.0004365158322401656	11454.338263838874	62	149.34601107759514	5.7261800466678383e-8	0.0014963642667050233	10
275.4228703338169	0.000363078054770101	13771.143516690845	63	166.09877607573398	4.9786250133813875e-8	0.0014594311658282044	10
331.1311214825914	0.0003019951720402013	16556.55607412957	64	171.52601280255973	4.684483164663293e-8	0.0014257368637185554	10
398.1071705534977	0.0002511886431509577	19905.358527674885	65	172.21239904392158	4.5072552103633686e-8	0.0013909533795596301	10
478.630092322638	0.0002089296130854041	23931.5046161319	64	183.94728090140978	9.885695892789736e-8	0.0021045970889522	10
575.4399373371566	0.00017378008287493763	28771.99686685783	63	189.98958190905827	1.9064927447760343e-7	0.003115590233990598	10
691.8309709189363	0.0001445439770745928	34591.54854594681	66	198.1636358042718	7.962764564603683e-8	0.0019802765936167356	10
831.7637711026708	0.00012022644346174132	41588.18855513354	69	204.49013580805362	3.362459743600115e-8	0.0012667330005855456	10
1000.	0.0001	50000.	66	209.72254819200523	1.6655561467177527e-7	0.0029070288597920885	10
1202.2644346174131	0.00008317637711026709	60113.22173087066	69	218.49077640808943	6.563757551165403e-8	0.0018461302038853752	10
1445.439770745928	0.00006918309709189363	72271.98853729639	68	217.37865616430108	1.514703600446896e-7	0.00277700280235315	10
1737.8008287493763	0.00005754399373371567	86890.04143746881	68	235.0008700310956	2.0043916636055917e-7	0.003340666183632	10
2089.2961308540407	0.00004786300923226381	104464.80654270203	71	221.57437806831766	8.809849755421566e-8	0.0021271407628797364	10
2511.886431509582	0.000039810717055349695	125594.3215754791	72	229.16159594515148	8.198157149167752e-8	0.002078433744885849	10
3019.951720402019	0.000033113112148259076	150997.58602010095	72	257.26827397865645	1.057178620453857e-7	0.002506139016637256	10
3630.7805477010174	0.000027542287033381636	181539.02738505087	74	275.1990387050674	6.426277675560697e-8	0.0019855227320107202	10
4365.158322401666	0.000022908676527677698	218257.9161200833	70	284.0981357153118	4.471954436037948e-7	0.005557829144140833	10
5248.074602497723	0.00001905460717963248	262403.73012488615	75	299.8535226803468	8.94015084892753e-8	0.002374552088874265	10
6309.57344480193	0.00001584893192461114	315478.6722400965	75	319.4700652036109	1.1978171485980435e-7	0.002856569653843602	10
7585.775750291836	0.000013182567385564073	379288.78751459176	79	347.0321315659871	3.013884216475061e-8	0.0014691985023617977	10
9120.108393559096	0.000010964781961431852	456005.4196779548	76	395.46493709882617	1.345188911315134e-7	0.0033616567644066554	10
10964.78196143185	9.120108393559096e-6	548239.0980715925	79	470.43190727462326	4.637259972707048e-8	0.002140580731349257	10
13182.567385564074	7.585775750291836e-6	659128.3692782037	77	441.2139942542257	1.5938207889048212e-7	0.003955883713699094	10
15848.93192461114	6.3095734448019305e-6	792446.5962305571	79	437.5884192800467	1.1097179743620666e-7	0.003147982956722453	10
19054.607179632483	5.248074602497723e-6	952730.3589816241	78	381.33552839236256	2.58559308563072e-7	0.004656017557929852	10
22908.676527677748	4.365158322401657e-6	1.1454338263838873e6	80	291.57357815651716	2.1952739324179408e-7	0.003705933550873522	10
27542.28703338169	3.63078054770101e-6	1.3771143516690845e6	80	241.54409354707627	3.8341522968249233e-7	0.004458075195666735	10
33113.11214825915	3.0199517204020125e-6	1.6556556074129574e6	29	60.49724060213516	0.004859165975115826	-0.7452965898010445	10
39810.71705534977	2.511886431509577e-6	1.9905358527674885e6	87	357.0321661259953	3.2852204854929115e-8	0.0014841508207992342	10
47863.0092322638	2.089296130854041e-6	2.39315046161319e6	86	577.3380369607899	4.3968466410224015e-8	0.002214072472459052	10
57543.993733715666	1.7378008287493763e-6	2.8771996866857833e6	88	708.8879930361967	2.3295620873138533e-8	0.0017552389553789887	10
69183.09709189362	1.4454397707459281e-6	3.459154854594681e6	88	617.7286942044695	3.850747761719945e-8	0.0021188527964297785	10
83176.37711026709	1.2022644346174132e-6	4.1588188555133543e6	86	331.6853160870593	2.443423516729322e-7	0.003920482059010648	10
100000.	1.e-6	5.e6	49	170.20823654001632	0.00019601956554289728	-1.3789932098644049	10